[*] GradientBoostingClassifier accuracy: 0.225806451613

              precision    recall  f1-score   support

           0       0.20      0.67      0.31         3
           1       0.67      0.25      0.36         8
           2       0.00      0.00      0.00         4
           3       0.00      0.00      0.00         2
           4       0.00      0.00      0.00         3
           5       0.00      0.00      0.00         1
           7       1.00      0.33      0.50         3
           8       0.00      0.00      0.00         1
           9       0.00      0.00      0.00         1
          11       0.00      0.00      0.00         0
          12       0.00      0.00      0.00         1
          13       0.00      0.00      0.00         0
          15       1.00      1.00      1.00         1
          16       1.00      1.00      1.00         1
          18       0.00      0.00      0.00         1
          19       0.00      0.00      0.00         1
          20       0.00      0.00      0.00         0

   micro avg       0.23      0.23      0.23        31
   macro avg       0.23      0.19      0.19        31
weighted avg       0.35      0.23      0.24        31

