[*] GradientBoostingClassifier accuracy: 0.263560732113

              precision    recall  f1-score   support

           0       0.19      0.14      0.16       919
           1       0.26      0.08      0.12       938
           2       0.21      0.11      0.14      1018
           3       0.20      0.52      0.29      1357
           4       0.26      0.43      0.32       971
           5       0.19      0.24      0.21      1039
           6       0.43      0.18      0.25      1012
           7       0.39      0.37      0.38       820
           8       0.00      0.00      0.00       107
           9       0.52      0.36      0.42       523
          10       0.00      0.00      0.00         1
          11       0.38      0.34      0.36       184
          12       0.08      0.01      0.02        72
          13       0.15      0.10      0.12       610
          14       0.24      0.42      0.30       253
          15       0.29      0.11      0.16       290
          16       0.00      0.00      0.00        33
          17       0.54      0.61      0.57       235
          18       0.44      0.36      0.40       275
          20       0.00      0.00      0.00         2
          21       0.49      0.43      0.46       280
          22       0.28      0.45      0.35       231
          23       0.05      0.04      0.04        27
          24       0.00      0.00      0.00        39
          25       0.40      0.31      0.35       235
          26       0.05      0.00      0.01       303
          27       0.21      0.02      0.04       246

   micro avg       0.26      0.26      0.26     12020
   macro avg       0.23      0.21      0.20     12020
weighted avg       0.28      0.26      0.24     12020

