[*] GradientBoostingClassifier accuracy: 0.16

              precision    recall  f1-score   support

           0       0.00      0.00      0.00         0
           1       0.33      0.50      0.40         2
           2       0.00      0.00      0.00         1
           3       0.00      0.00      0.00         3
           4       0.00      0.00      0.00         5
           5       0.25      0.33      0.29         3
           6       0.00      0.00      0.00         4
           7       0.00      0.00      0.00         2
           8       0.00      0.00      0.00         1
           9       0.00      0.00      0.00         0
          11       0.00      0.00      0.00         0
          14       0.00      0.00      0.00         0
          15       1.00      0.50      0.67         2
          16       1.00      1.00      1.00         1
          17       0.00      0.00      0.00         0
          19       0.00      0.00      0.00         1

   micro avg       0.16      0.16      0.16        25
   macro avg       0.16      0.15      0.15        25
weighted avg       0.18      0.16      0.16        25

