[*] GradientBoostingClassifier accuracy: 0.262137337804

              precision    recall  f1-score   support

           0       0.18      0.22      0.20       547
           1       0.29      0.10      0.15       633
           2       0.19      0.11      0.14       573
           3       0.20      0.47      0.28       731
           4       0.24      0.41      0.31       545
           5       0.23      0.28      0.25       622
           6       0.44      0.22      0.29       555
           7       0.41      0.36      0.38       484
           8       0.07      0.02      0.03        48
           9       0.54      0.35      0.42       270
          10       0.33      0.32      0.33       106
          11       0.25      0.05      0.08        21
          12       0.17      0.07      0.10       337
          13       0.23      0.31      0.27       150
          14       0.23      0.11      0.15       144
          15       0.00      0.00      0.00         2
          16       0.49      0.36      0.42       153
          17       0.55      0.43      0.48       152
          18       0.45      0.54      0.49       134
          19       0.31      0.43      0.36       151
          20       0.00      0.00      0.00         7
          21       0.00      0.00      0.00        17
          22       0.37      0.21      0.27       168
          23       0.09      0.03      0.04       157
          24       0.11      0.03      0.04       152

   micro avg       0.26      0.26      0.26      6859
   macro avg       0.25      0.22      0.22      6859
weighted avg       0.28      0.26      0.25      6859

