[*] GradientBoostingClassifier accuracy: 0.270409982175

              precision    recall  f1-score   support

           0       0.16      0.23      0.19       920
           1       0.17      0.36      0.23       901
           2       0.14      0.09      0.11       918
           3       0.24      0.26      0.25       901
           4       0.26      0.38      0.31       898
           5       0.19      0.19      0.19       953
           6       0.44      0.21      0.28       926
           7       0.53      0.47      0.50       826
           8       0.08      0.02      0.03       106
           9       0.57      0.36      0.45       560
          11       0.42      0.34      0.38       195
          12       0.00      0.00      0.00        64
          13       0.21      0.15      0.18       622
          14       0.24      0.42      0.30       238
          15       0.33      0.13      0.19       276
          16       0.00      0.00      0.00        30
          17       0.53      0.48      0.51       246
          18       0.54      0.44      0.49       262
          19       0.00      0.00      0.00         1
          20       0.00      0.00      0.00         1
          21       0.52      0.43      0.47       294
          22       0.31      0.52      0.39       253
          23       0.07      0.04      0.05        28
          24       0.00      0.00      0.00        33
          25       0.41      0.24      0.30       248
          26       0.07      0.01      0.02       275
          27       0.14      0.05      0.08       245

   micro avg       0.27      0.27      0.27     11220
   macro avg       0.24      0.22      0.22     11220
weighted avg       0.29      0.27      0.27     11220

