[*] GradientBoostingClassifier accuracy: 0.388403990025

              precision    recall  f1-score   support

           0       0.37      0.78      0.51      4065
           1       0.41      0.45      0.43      3740
           2       0.38      0.17      0.23      1633
           3       0.52      0.06      0.11       719
           4       0.29      0.01      0.02       537
           5       0.37      0.02      0.03       569
           6       0.40      0.16      0.23       544
           7       0.39      0.09      0.14       458
           8       0.00      0.00      0.00        55
           9       0.57      0.40      0.47       302
          10       0.36      0.21      0.26       101
          11       0.00      0.00      0.00        28
          12       0.08      0.00      0.01       350
          13       0.00      0.00      0.00       133
          14       0.14      0.01      0.02       153
          15       0.00      0.00      0.00         3
          16       0.60      0.33      0.42       128
          17       0.72      0.26      0.39       148
          18       0.39      0.34      0.37       146
          19       0.33      0.03      0.06       119
          20       0.00      0.00      0.00         2
          21       0.00      0.00      0.00        23
          22       0.27      0.15      0.20       142
          23       0.00      0.00      0.00       187
          24       0.11      0.01      0.02       151

   micro avg       0.39      0.39      0.39     14436
   macro avg       0.27      0.14      0.16     14436
weighted avg       0.37      0.39      0.33     14436

