[*] GradientBoostingClassifier accuracy: 0.339590443686

              precision    recall  f1-score   support

           0       0.24      0.16      0.19        31
           1       0.11      0.09      0.10        23
           2       0.24      0.26      0.25        27
           3       0.21      0.16      0.18        43
           4       0.30      0.42      0.35        72
           5       0.23      0.26      0.24        23
           6       0.32      0.53      0.40        57
           7       0.46      0.53      0.49        55
           8       0.00      0.00      0.00         4
           9       0.31      0.42      0.36        24
          10       0.45      0.26      0.33        19
          11       0.00      0.00      0.00         2
          12       0.26      0.24      0.25        37
          13       0.30      0.20      0.24        15
          14       0.44      0.16      0.24        25
          15       0.58      0.88      0.70        17
          16       0.88      0.78      0.82        18
          17       0.58      0.58      0.58        19
          18       0.39      0.44      0.41        16
          19       0.00      0.00      0.00         5
          20       0.40      0.14      0.21        14
          21       0.00      0.00      0.00        24
          22       0.23      0.19      0.21        16

   micro avg       0.34      0.34      0.34       586
   macro avg       0.30      0.29      0.28       586
weighted avg       0.32      0.34      0.32       586

