[*] GradientBoostingClassifier accuracy: 0.288157894737

              precision    recall  f1-score   support

           0       0.21      0.24      0.23       284
           1       0.20      0.32      0.24       282
           2       0.20      0.21      0.21       291
           3       0.20      0.32      0.25       260
           4       0.25      0.32      0.28       236
           5       0.26      0.30      0.28       269
           6       0.53      0.27      0.36       245
           7       0.66      0.45      0.53       189
           8       0.00      0.00      0.00        24
           9       0.54      0.35      0.43       133
          10       0.40      0.38      0.39        47
          11       0.50      0.07      0.12        15
          12       0.26      0.09      0.14       161
          13       0.11      0.15      0.13        53
          14       0.36      0.21      0.27        71
          15       0.55      0.37      0.44        59
          16       0.71      0.62      0.67        56
          17       0.57      0.69      0.62        75
          18       0.27      0.35      0.30        65
          19       0.00      0.00      0.00        16
          20       0.43      0.28      0.34        64
          21       0.26      0.10      0.15        78
          22       0.12      0.06      0.08        67

   micro avg       0.29      0.29      0.29      3040
   macro avg       0.33      0.27      0.28      3040
weighted avg       0.32      0.29      0.29      3040

