[*] GradientBoostingClassifier accuracy: 0.290838134176

              precision    recall  f1-score   support

           0       0.23      0.09      0.13       291
           1       0.18      0.04      0.06       306
           2       0.22      0.07      0.10       347
           3       0.17      0.23      0.20       343
           4       0.27      0.53      0.36       573
           5       0.27      0.11      0.15       335
           6       0.23      0.40      0.30       543
           7       0.43      0.51      0.47       487
           8       0.00      0.00      0.00        51
           9       0.47      0.31      0.37       255
          10       0.43      0.40      0.41        98
          11       0.00      0.00      0.00        23
          12       0.17      0.11      0.13       349
          13       0.25      0.50      0.33       138
          14       0.32      0.13      0.18       166
          15       0.25      0.25      0.25         4
          16       0.42      0.46      0.44       132
          17       0.50      0.49      0.50       136
          18       0.58      0.53      0.55       163
          19       0.30      0.60      0.40       145
          20       0.00      0.00      0.00         1
          21       0.00      0.00      0.00        30
          22       0.42      0.31      0.36       144
          23       0.12      0.05      0.07       172
          24       0.18      0.13      0.15       149

   micro avg       0.29      0.29      0.29      5381
   macro avg       0.26      0.25      0.24      5381
weighted avg       0.28      0.29      0.26      5381

