[*] GradientBoostingClassifier accuracy: 0.348597359736

              precision    recall  f1-score   support

           0       0.23      0.06      0.09       163
           1       0.18      0.04      0.06       204
           2       0.16      0.03      0.04       196
           3       0.13      0.08      0.10       177
           4       0.18      0.13      0.15       192
           5       0.27      0.12      0.17       229
           6       0.42      0.12      0.18       204
           7       0.49      0.37      0.42       207
           8       0.20      0.05      0.08       107
           9       0.33      0.52      0.40       243
          11       0.47      0.41      0.44       176
          12       0.27      0.12      0.16        68
          13       0.13      0.23      0.16       193
          14       0.37      0.79      0.51       281
          15       0.38      0.38      0.38       277
          16       0.00      0.00      0.00        29
          17       0.54      0.65      0.59       242
          18       0.49      0.55      0.52       233
          20       0.00      0.00      0.00         1
          21       0.57      0.48      0.52       284
          22       0.39      0.79      0.53       249
          23       0.06      0.04      0.04        28
          24       0.00      0.00      0.00        41
          25       0.67      0.52      0.59       263
          26       0.19      0.29      0.23       296
          27       0.21      0.29      0.25       265

   micro avg       0.35      0.35      0.35      4848
   macro avg       0.28      0.27      0.25      4848
weighted avg       0.34      0.35      0.32      4848

