[*] GradientBoostingClassifier accuracy: 0.277777777778

              precision    recall  f1-score   support

           0       0.17      0.27      0.21        11
           1       0.50      0.62      0.56        16
           2       0.00      0.00      0.00         6
           3       0.00      0.00      0.00         4
           4       0.00      0.00      0.00         2
           5       0.00      0.00      0.00         3
           6       0.00      0.00      0.00         1
           7       0.00      0.00      0.00         2
           8       0.00      0.00      0.00         1
           9       0.00      0.00      0.00         0
          11       0.00      0.00      0.00         1
          14       1.00      0.50      0.67         2
          16       0.50      1.00      0.67         1
          17       0.00      0.00      0.00         1
          18       0.00      0.00      0.00         1
          19       0.00      0.00      0.00         2

   micro avg       0.28      0.28      0.28        54
   macro avg       0.14      0.15      0.13        54
weighted avg       0.23      0.28      0.24        54

