[*] GradientBoostingClassifier accuracy: 0.26501305483

              precision    recall  f1-score   support

           0       0.16      0.20      0.18        56
           1       0.26      0.19      0.22        63
           2       0.32      0.30      0.31        74
           3       0.23      0.38      0.29        91
           4       0.30      0.31      0.31        78
           5       0.18      0.20      0.19        65
           6       0.35      0.26      0.30        69
           7       0.33      0.28      0.31        46
           8       0.00      0.00      0.00         4
           9       0.36      0.36      0.36        36
          10       0.43      0.23      0.30        13
          11       0.00      0.00      0.00         3
          12       0.22      0.16      0.18        38
          13       0.12      0.20      0.15        10
          14       0.09      0.08      0.09        12
          15       0.50      0.40      0.44        15
          16       0.67      0.67      0.67        12
          17       0.45      0.47      0.46        19
          18       0.14      0.25      0.18        12
          19       0.00      0.00      0.00         3
          20       0.18      0.11      0.14        18
          21       0.11      0.08      0.09        13
          22       0.25      0.06      0.10        16

   micro avg       0.27      0.27      0.27       766
   macro avg       0.25      0.23      0.23       766
weighted avg       0.27      0.27      0.26       766

