[*] GradientBoostingClassifier accuracy: 0.270754859123

              precision    recall  f1-score   support

           0       0.22      0.14      0.17       522
           1       0.30      0.06      0.10       488
           2       0.15      0.10      0.12       584
           3       0.22      0.55      0.31       752
           4       0.26      0.46      0.33       538
           5       0.22      0.29      0.25       612
           6       0.33      0.21      0.26       520
           7       0.40      0.38      0.39       454
           8       0.07      0.01      0.02        71
           9       0.53      0.33      0.41       269
          10       0.31      0.38      0.34        87
          11       0.10      0.03      0.05        29
          12       0.21      0.06      0.10       341
          13       0.19      0.32      0.24       134
          14       0.33      0.17      0.23       144
          15       0.00      0.00      0.00         2
          16       0.52      0.41      0.46       140
          17       0.59      0.41      0.49       157
          18       0.57      0.47      0.51       174
          19       0.31      0.49      0.38       122
          20       0.00      0.00      0.00         2
          21       0.00      0.00      0.00        22
          22       0.30      0.20      0.24       149
          23       0.13      0.02      0.04       173
          24       0.16      0.03      0.05       151

   micro avg       0.27      0.27      0.27      6637
   macro avg       0.26      0.22      0.22      6637
weighted avg       0.28      0.27      0.25      6637

