[*] GradientBoostingClassifier accuracy: 0.33526850508

              precision    recall  f1-score   support

           0       0.14      0.09      0.11        96
           1       0.06      0.02      0.03       120
           2       0.27      0.11      0.16       128
           3       0.15      0.06      0.08       136
           4       0.15      0.19      0.17       129
           5       0.20      0.12      0.15       100
           6       0.26      0.10      0.14       113
           7       0.44      0.34      0.38       110
           8       0.05      0.01      0.02        68
           9       0.38      0.44      0.41       153
          10       0.48      0.51      0.50        92
          11       0.09      0.04      0.05        26
          12       0.20      0.18      0.19       108
          13       0.31      0.70      0.43       138
          14       0.36      0.32      0.34       144
          15       0.00      0.00      0.00         5
          16       0.55      0.54      0.55       149
          17       0.57      0.63      0.60       150
          18       0.55      0.53      0.54       171
          19       0.43      0.82      0.56       142
          20       0.00      0.00      0.00         5
          21       0.10      0.05      0.06        21
          22       0.69      0.49      0.57       147
          23       0.13      0.22      0.16       161
          24       0.18      0.26      0.21       144

   micro avg       0.34      0.34      0.34      2756
   macro avg       0.27      0.27      0.26      2756
weighted avg       0.32      0.34      0.31      2756

