[*] GradientBoostingClassifier accuracy: 0.387319522913

              precision    recall  f1-score   support

           0       0.37      0.72      0.49       425
           1       0.42      0.48      0.45       379
           2       0.37      0.20      0.26       209
           3       0.38      0.06      0.10        88
           4       0.24      0.10      0.14        50
           5       0.19      0.04      0.07        68
           6       0.45      0.24      0.32        62
           7       0.42      0.18      0.25        62
           8       0.00      0.00      0.00         4
           9       0.42      0.44      0.43        25
          10       0.14      0.13      0.14        15
          11       0.00      0.00      0.00         2
          12       0.14      0.03      0.05        32
          13       0.17      0.06      0.09        17
          14       0.40      0.12      0.19        16
          15       0.53      0.33      0.41        24
          16       0.77      0.71      0.74        14
          17       0.53      0.42      0.47        19
          18       0.50      0.06      0.10        18
          19       0.00      0.00      0.00         6
          20       0.42      0.28      0.33        18
          21       0.00      0.00      0.00        26
          22       0.50      0.07      0.12        14

   micro avg       0.39      0.39      0.39      1593
   macro avg       0.32      0.20      0.22      1593
weighted avg       0.37      0.39      0.34      1593

