[*] GradientBoostingClassifier accuracy: 0.355239786856

              precision    recall  f1-score   support

           0       0.35      0.71      0.47       133
           1       0.39      0.40      0.40       150
           2       0.42      0.23      0.30        81
           3       0.22      0.06      0.10        32
           4       0.00      0.00      0.00        21
           5       0.25      0.13      0.17        23
           6       0.40      0.12      0.19        32
           7       0.25      0.30      0.27        10
           8       0.00      0.00      0.00         1
           9       0.38      0.56      0.45         9
          10       0.25      0.20      0.22         5
          12       0.00      0.00      0.00        12
          13       0.00      0.00      0.00         5
          14       0.00      0.00      0.00         7
          15       0.60      0.60      0.60         5
          16       0.80      0.67      0.73         6
          17       0.40      0.33      0.36         6
          18       0.00      0.00      0.00         6
          19       0.00      0.00      0.00         1
          20       0.00      0.00      0.00         6
          21       0.00      0.00      0.00         5
          22       0.00      0.00      0.00         7

   micro avg       0.36      0.36      0.36       563
   macro avg       0.21      0.20      0.19       563
weighted avg       0.33      0.36      0.31       563

