[*] GradientBoostingClassifier accuracy: 0.417355371901

              precision    recall  f1-score   support

           0       0.44      0.58      0.50        71
           1       0.45      0.60      0.52        65
           2       0.26      0.20      0.23        25
           3       0.50      0.09      0.15        11
           4       0.33      0.07      0.12        14
           5       0.00      0.00      0.00         8
           6       0.33      0.08      0.13        12
           7       0.33      0.40      0.36         5
           8       0.25      0.20      0.22         5
           9       0.00      0.00      0.00         3
          11       0.00      0.00      0.00         6
          12       0.00      0.00      0.00         0
          14       1.00      1.00      1.00         3
          15       0.50      1.00      0.67         1
          16       0.75      1.00      0.86         3
          17       1.00      0.75      0.86         4
          18       0.00      0.00      0.00         0
          19       0.00      0.00      0.00         1
          20       0.00      0.00      0.00         4
          21       0.00      0.00      0.00         1

   micro avg       0.42      0.42      0.42       242
   macro avg       0.31      0.30      0.28       242
weighted avg       0.39      0.42      0.38       242

