[*] GradientBoostingClassifier accuracy: 0.305291723202

              precision    recall  f1-score   support

           0       0.16      0.16      0.16        38
           1       0.28      0.23      0.26        47
           2       0.27      0.30      0.28        71
           3       0.24      0.36      0.29        86
           4       0.22      0.30      0.25        61
           5       0.40      0.36      0.38        69
           6       0.40      0.28      0.33        79
           7       0.45      0.39      0.42        54
           8       0.00      0.00      0.00         4
           9       0.33      0.35      0.34        26
          10       0.46      0.43      0.44        14
          11       0.00      0.00      0.00         3
          12       0.12      0.09      0.10        33
          13       0.29      0.24      0.26        17
          14       0.46      0.32      0.37        19
          15       0.53      0.64      0.58        14
          16       0.77      0.62      0.69        16
          17       0.47      0.67      0.55        21
          18       0.06      0.06      0.06        18
          20       0.30      0.35      0.32        17
          21       0.17      0.06      0.08        18
          22       0.10      0.08      0.09        12

   micro avg       0.31      0.31      0.31       737
   macro avg       0.29      0.29      0.28       737
weighted avg       0.31      0.31      0.30       737

