[*] GradientBoostingClassifier accuracy: 0.285492710164

              precision    recall  f1-score   support

           0       0.32      0.07      0.11       558
           1       0.25      0.05      0.09       553
           2       0.25      0.07      0.11       628
           3       0.19      0.21      0.20       703
           4       0.25      0.52      0.34       953
           5       0.25      0.11      0.16       524
           6       0.23      0.34      0.27       954
           7       0.37      0.53      0.44       814
           8       0.19      0.03      0.06       120
           9       0.56      0.34      0.43       508
          10       0.00      0.00      0.00         0
          11       0.36      0.33      0.34       169
          12       0.14      0.03      0.05        68
          13       0.16      0.20      0.18       607
          14       0.24      0.57      0.34       257
          15       0.30      0.14      0.19       264
          16       0.00      0.00      0.00        29
          17       0.53      0.57      0.55       254
          18       0.48      0.41      0.44       270
          20       0.00      0.00      0.00         2
          21       0.54      0.46      0.50       284
          22       0.33      0.58      0.42       269
          23       0.00      0.00      0.00        29
          24       0.00      0.00      0.00        32
          25       0.40      0.28      0.33       232
          26       0.17      0.04      0.07       312
          27       0.17      0.12      0.14       278

   micro avg       0.29      0.29      0.29      9671
   macro avg       0.25      0.22      0.21      9671
weighted avg       0.29      0.29      0.26      9671

