[*] GradientBoostingClassifier accuracy: 0.279169413316

              precision    recall  f1-score   support

           0       0.17      0.15      0.16       244
           1       0.26      0.13      0.17       271
           2       0.16      0.12      0.14       239
           3       0.21      0.47      0.30       329
           4       0.25      0.38      0.30       242
           5       0.25      0.41      0.31       276
           6       0.43      0.21      0.29       261
           7       0.48      0.30      0.37       199
           8       0.10      0.03      0.05        31
           9       0.49      0.34      0.40       125
          10       0.36      0.35      0.36        51
          11       0.00      0.00      0.00         8
          12       0.21      0.08      0.11       154
          13       0.19      0.27      0.22        56
          14       0.23      0.11      0.15        70
          15       0.47      0.60      0.53        57
          16       0.69      0.49      0.57        63
          17       0.68      0.64      0.66        77
          18       0.32      0.47      0.38        66
          19       0.00      0.00      0.00         2
          20       0.44      0.33      0.38        75
          21       0.08      0.03      0.04        80
          22       0.11      0.05      0.07        58

   micro avg       0.28      0.28      0.28      3034
   macro avg       0.29      0.26      0.26      3034
weighted avg       0.30      0.28      0.27      3034

