[*] GradientBoostingClassifier accuracy: 0.277777777778

              precision    recall  f1-score   support

           0       0.16      0.05      0.08       128
           1       0.24      0.07      0.11       131
           2       0.26      0.06      0.09       156
           3       0.16      0.19      0.18       155
           4       0.25      0.50      0.33       230
           5       0.30      0.18      0.23       142
           6       0.25      0.35      0.30       264
           7       0.32      0.47      0.38       183
           8       0.00      0.00      0.00        23
           9       0.39      0.29      0.34       136
          10       0.44      0.48      0.46        48
          11       0.00      0.00      0.00        15
          12       0.18      0.11      0.14       153
          13       0.20      0.40      0.27        57
          14       0.41      0.22      0.29        77
          15       0.42      0.39      0.40        57
          16       0.52      0.52      0.52        46
          17       0.64      0.65      0.65        84
          18       0.21      0.56      0.30        45
          19       0.00      0.00      0.00        10
          20       0.38      0.30      0.34        66
          21       0.25      0.10      0.14        91
          22       0.10      0.08      0.09        61

   micro avg       0.28      0.28      0.28      2358
   macro avg       0.26      0.26      0.24      2358
weighted avg       0.28      0.28      0.26      2358

