[*] GradientBoostingClassifier accuracy: 0.319634703196

              precision    recall  f1-score   support

           0       0.00      0.00      0.00         7
           1       0.00      0.00      0.00         9
           2       0.17      0.21      0.19        14
           3       0.17      0.18      0.17        17
           4       0.39      0.55      0.46        20
           5       0.27      0.35      0.30        20
           6       0.30      0.32      0.31        25
           7       0.48      0.53      0.50        19
           9       0.30      0.18      0.22        17
          10       0.50      0.14      0.22         7
          11       1.00      0.50      0.67         2
          12       0.18      0.25      0.21         8
          13       0.60      0.50      0.55         6
          14       0.00      0.00      0.00         7
          15       0.60      0.60      0.60         5
          16       0.71      1.00      0.83         5
          17       0.56      0.83      0.67         6
          18       0.75      0.33      0.46         9
          19       0.00      0.00      0.00         1
          20       0.25      0.20      0.22         5
          21       0.12      0.20      0.15         5
          22       0.00      0.00      0.00         5

   micro avg       0.32      0.32      0.32       219
   macro avg       0.33      0.31      0.31       219
weighted avg       0.32      0.32      0.31       219

