[*] GradientBoostingClassifier accuracy: 0.206896551724

              precision    recall  f1-score   support

           0       0.29      0.50      0.36         4
           1       0.10      0.11      0.11         9
           2       0.50      0.20      0.29         5
           3       0.00      0.00      0.00         2
           4       0.00      0.00      0.00         2
           5       0.00      0.00      0.00         3
           6       0.00      0.00      0.00         0
           7       0.50      0.50      0.50         4
           8       0.25      1.00      0.40         1
          11       0.33      0.33      0.33         3
          12       0.50      0.20      0.29         5
          13       0.33      1.00      0.50         1
          14       0.00      0.00      0.00         0
          16       0.00      0.00      0.00         4
          17       1.00      0.33      0.50         3
          18       0.00      0.00      0.00         1
          19       0.00      0.00      0.00         3
          20       0.10      0.33      0.15         3
          21       0.00      0.00      0.00         5

   micro avg       0.21      0.21      0.21        58
   macro avg       0.21      0.24      0.18        58
weighted avg       0.24      0.21      0.19        58

