[*] GradientBoostingClassifier accuracy: 0.306306306306

              precision    recall  f1-score   support

           0       0.40      0.25      0.31         8
           1       0.33      0.17      0.22        12
           2       0.30      0.43      0.35         7
           3       0.32      0.41      0.36        17
           4       0.40      0.44      0.42         9
           5       0.25      0.30      0.27        10
           6       0.06      0.12      0.08         8
           7       0.30      0.33      0.32         9
           8       0.50      0.60      0.55         5
           9       0.00      0.00      0.00         0
          11       0.33      0.17      0.22         6
          12       0.00      0.00      0.00         2
          13       0.50      0.33      0.40         3
          14       0.50      0.50      0.50         2
          15       1.00      0.50      0.67         2
          16       0.00      0.00      0.00         1
          17       1.00      0.50      0.67         4
          20       0.00      0.00      0.00         3
          21       0.00      0.00      0.00         3

   micro avg       0.31      0.31      0.31       111
   macro avg       0.33      0.27      0.28       111
weighted avg       0.33      0.31      0.31       111

