[*] GradientBoostingClassifier accuracy: 0.281949934124

              precision    recall  f1-score   support

           0       0.18      0.34      0.24        67
           1       0.26      0.26      0.26        77
           2       0.28      0.35      0.31        66
           3       0.13      0.19      0.16        63
           4       0.33      0.42      0.37        67
           5       0.37      0.28      0.31        69
           6       0.43      0.23      0.30        66
           7       0.62      0.45      0.52        53
           8       0.00      0.00      0.00         6
           9       0.28      0.19      0.22        27
          10       0.44      0.27      0.33        15
          11       0.00      0.00      0.00         0
          12       0.15      0.11      0.13        36
          13       0.25      0.19      0.21        16
          14       0.38      0.17      0.23        18
          15       0.19      0.27      0.22        11
          16       0.85      0.85      0.85        13
          17       0.47      0.54      0.50        13
          18       0.14      0.21      0.17        14
          19       0.00      0.00      0.00         4
          20       0.45      0.25      0.32        20
          21       0.10      0.04      0.06        25
          22       0.14      0.08      0.10        13

   micro avg       0.28      0.28      0.28       759
   macro avg       0.28      0.25      0.25       759
weighted avg       0.31      0.28      0.28       759

