589259 530390 0
568861 513930 0
568556 514452 0
569585 516619 0
580459 528826 0
579071 527607 0
579071 527607 0
580518 529173 0
580518 529173 0
577575 526506 0
646456 591388 0
844842 785061 0
891244 830493 0
901063 841003 0
892219 833465 0
893660 835237 0
886892 829132 0
885676 831543 0
884526 830989 0
1.29147e+06 1.31207e+06 0
1.29172e+06 1.3124e+06 0
1.11525e+06 1.13363e+06 0
1.11765e+06 1.13608e+06 0
1.05388e+06 1.06869e+06 0
1.11591e+06 1.13437e+06 0
1.07407e+06 1.09357e+06 0
1.07196e+06 1.09147e+06 0
1.07192e+06 1.0915e+06 0
1.07192e+06 1.0915e+06 0
1.07182e+06 1.09155e+06 0
1.07182e+06 1.09155e+06 0
1.07182e+06 1.09155e+06 0
1.07182e+06 1.09155e+06 0
1.07181e+06 1.09155e+06 0
1.07181e+06 1.09155e+06 0
1.20578e+06 1.22987e+06 0
1.20578e+06 1.22987e+06 0
1.27163e+06 1.29716e+06 0
1.38268e+06 1.41076e+06 0
1.38268e+06 1.41076e+06 0
1.38257e+06 1.41074e+06 0
1.03245e+06 1.05359e+06 0
1.03245e+06 1.05359e+06 0
1.27332e+06 1.29944e+06 0
1.27229e+06 1.29842e+06 0
1.14641e+06 1.17019e+06 0
1.27194e+06 1.29839e+06 0
1.27196e+06 1.29846e+06 0
1.27394e+06 1.3007e+06 0
1.37772e+06 1.40733e+06 0
1.27156e+06 1.29936e+06 0
1.27239e+06 1.30094e+06 0
1.03096e+06 1.05488e+06 0
1.03096e+06 1.05488e+06 0
1.3703e+06 1.40255e+06 0
1.29235e+06 1.32392e+06 0
1.27317e+06 1.30525e+06 0
1.03476e+06 1.0614e+06 0
1.03473e+06 1.06154e+06 0
1.03473e+06 1.06154e+06 0
1.26973e+06 1.30278e+06 0
1.03469e+06 1.06164e+06 0
1.03405e+06 1.06115e+06 0
1.29105e+06 1.3249e+06 0
1.03412e+06 1.06129e+06 0
1.27098e+06 1.30598e+06 0
1.36038e+06 1.3981e+06 0
1.36033e+06 1.39806e+06 0
1.3603e+06 1.39802e+06 0
1.3603e+06 1.39802e+06 0
1.29207e+06 1.32808e+06 0
1.2802e+06 1.31653e+06 0
1.27156e+06 1.30781e+06 0
1.29261e+06 1.32959e+06 0
1.35594e+06 1.3952e+06 0
1.28109e+06 1.31822e+06 0
1.28118e+06 1.31833e+06 0
1.28129e+06 1.31847e+06 0
1.28124e+06 1.31842e+06 0
1.28126e+06 1.31846e+06 0
1.28123e+06 1.31845e+06 0
1.28132e+06 1.31859e+06 0
1.28188e+06 1.31937e+06 0
1.28199e+06 1.31952e+06 0
1.28204e+06 1.31959e+06 0
1.28203e+06 1.3196e+06 0
1.28205e+06 1.31964e+06 0
1.27048e+06 1.3079e+06 0
1.27154e+06 1.30907e+06 0
1.28245e+06 1.32036e+06 0
1.28248e+06 1.32041e+06 0
1.28257e+06 1.32055e+06 0
1.28255e+06 1.32053e+06 0
1.28258e+06 1.32058e+06 0
1.28258e+06 1.32058e+06 0
1.28262e+06 1.32064e+06 0
1.28264e+06 1.32068e+06 0
1.28267e+06 1.32073e+06 0
1.28274e+06 1.32083e+06 0
1.27005e+06 1.30786e+06 0
1.21091e+06 1.24739e+06 0
1.02301e+06 1.05382e+06 0
1.02301e+06 1.05382e+06 0
1.29161e+06 1.3311e+06 0
1.29143e+06 1.33094e+06 0
1.29143e+06 1.33094e+06 0
1.29143e+06 1.33094e+06 0
1.29143e+06 1.33094e+06 0
1.29143e+06 1.33094e+06 0
1.29143e+06 1.33094e+06 0
1.29143e+06 1.33094e+06 0
1.29152e+06 1.33106e+06 0
1.2916e+06 1.33119e+06 0
1.2914e+06 1.33098e+06 0
1.29149e+06 1.33117e+06 0
1.29151e+06 1.3312e+06 0
1.29147e+06 1.33119e+06 0
1.29147e+06 1.33119e+06 0
1.01869e+06 1.05005e+06 0
1.29108e+06 1.331e+06 0
1.00739e+06 1.03874e+06 0
1.02441e+06 1.05634e+06 0
1.2908e+06 1.33106e+06 0
1.33985e+06 1.38217e+06 0
1.01208e+06 1.04425e+06 0
1.00771e+06 1.03984e+06 0
1.00771e+06 1.03984e+06 0
1.00689e+06 1.03918e+06 0
1.00689e+06 1.03918e+06 0
1.00686e+06 1.03919e+06 0
1.00686e+06 1.03919e+06 0
1.00686e+06 1.03919e+06 0
1.00692e+06 1.03924e+06 0
1.00692e+06 1.03924e+06 0
1.00651e+06 1.03889e+06 0
1.00652e+06 1.03889e+06 0
1.0065e+06 1.03888e+06 0
1.00651e+06 1.03888e+06 0
1.28504e+06 1.32643e+06 0
1.33903e+06 1.38241e+06 0
1.00711e+06 1.0398e+06 0
1.28956e+06 1.33226e+06 0
1.28966e+06 1.33261e+06 0
1.28974e+06 1.33278e+06 0
1.27091e+06 1.31348e+06 0
1.27073e+06 1.31332e+06 0
1.28937e+06 1.33356e+06 0
1.33332e+06 1.37933e+06 0
1.28936e+06 1.33587e+06 0
1.28947e+06 1.33676e+06 0
1.28943e+06 1.33733e+06 0
1.28987e+06 1.33802e+06 0
1.28967e+06 1.33793e+06 0
1.28471e+06 1.33399e+06 0
1.28471e+06 1.33399e+06 0
537768 560776 0
537768 560776 0
537708 560761 0
537776 560921 0
1.31761e+06 1.37622e+06 0
1.31812e+06 1.3769e+06 0
1.31813e+06 1.37698e+06 0
1.31859e+06 1.3776e+06 0
1.31722e+06 1.37616e+06 0
1.31776e+06 1.3768e+06 0
1.31847e+06 1.37755e+06 0
1.31856e+06 1.37768e+06 0
1.31871e+06 1.37786e+06 0
1.31737e+06 1.37647e+06 0
1.31814e+06 1.37735e+06 0
1.31655e+06 1.37572e+06 0
1.3167e+06 1.37613e+06 0
1.31717e+06 1.37661e+06 0
1.31789e+06 1.37745e+06 0
1.31719e+06 1.37673e+06 0
1.3182e+06 1.37793e+06 0
1.3182e+06 1.37793e+06 0
1.31709e+06 1.37677e+06 0
1.31687e+06 1.37657e+06 0
1.3159e+06 1.37556e+06 0
1.31591e+06 1.37556e+06 0
1.31592e+06 1.37558e+06 0
1.31592e+06 1.37558e+06 0
1.3159e+06 1.3757e+06 0
521707 545422 0
1.32116e+06 1.38124e+06 0
1.3211e+06 1.38119e+06 0
1.32045e+06 1.38051e+06 0
1.32112e+06 1.38122e+06 0
1.31797e+06 1.37804e+06 0
1.32075e+06 1.38098e+06 0
1.3208e+06 1.38104e+06 0
1.31692e+06 1.37701e+06 0
1.32218e+06 1.38252e+06 0
1.31779e+06 1.37794e+06 0
1.31453e+06 1.37456e+06 0
1.31453e+06 1.37456e+06 0
1.32063e+06 1.38097e+06 0
1.32067e+06 1.38102e+06 0
1.32014e+06 1.38052e+06 0
1.32045e+06 1.38096e+06 0
1.32049e+06 1.38101e+06 0
1.32091e+06 1.38146e+06 0
1.32025e+06 1.38092e+06 0
1.32139e+06 1.38225e+06 0
1.32419e+06 1.38526e+06 0
1.32194e+06 1.38291e+06 0
1.32464e+06 1.3859e+06 0
1.3248e+06 1.38635e+06 0
1.32687e+06 1.38892e+06 0
1.32514e+06 1.3873e+06 0
1.3257e+06 1.38799e+06 0
1.32583e+06 1.38902e+06 0
1.32754e+06 1.39133e+06 0
1.32549e+06 1.38953e+06 0
1.32783e+06 1.3923e+06 0
1.32903e+06 1.39405e+06 0
1.33003e+06 1.39545e+06 0
1.32823e+06 1.39371e+06 0
1.33036e+06 1.39597e+06 0
1.32925e+06 1.39497e+06 0
1.33352e+06 1.39966e+06 0
1.33013e+06 1.39627e+06 0
1.33331e+06 1.39963e+06 0
1.33114e+06 1.39734e+06 0
1.32943e+06 1.39558e+06 0
1.33085e+06 1.3974e+06 0
1.33189e+06 1.39852e+06 0
1.33189e+06 1.39852e+06 0
1.33432e+06 1.40118e+06 0
1.33764e+06 1.40474e+06 0
1.33648e+06 1.40353e+06 0
1.33591e+06 1.40303e+06 0
1.33866e+06 1.40594e+06 0
1.33338e+06 1.40042e+06 0
1.33338e+06 1.40042e+06 0
1.33594e+06 1.40313e+06 0
1.33594e+06 1.40313e+06 0
1.33594e+06 1.40313e+06 0
1.33611e+06 1.40332e+06 0
1.3395e+06 1.40693e+06 0
1.33236e+06 1.39944e+06 0
1.33236e+06 1.39944e+06 0
1.33948e+06 1.407e+06 0
1.33948e+06 1.407e+06 0
1.33948e+06 1.407e+06 0
1.33927e+06 1.4068e+06 0
1.33553e+06 1.40295e+06 0
1.33856e+06 1.40613e+06 0
1.33856e+06 1.40613e+06 0
1.33856e+06 1.40613e+06 0
1.33923e+06 1.40687e+06 0
1.33757e+06 1.40515e+06 0
1.33757e+06 1.40515e+06 0
1.33603e+06 1.40355e+06 0
1.34211e+06 1.40995e+06 0
1.33602e+06 1.40359e+06 0
1.33468e+06 1.4022e+06 0
1.33468e+06 1.4022e+06 0
1.34255e+06 1.41049e+06 0
1.33578e+06 1.40345e+06 0
1.33595e+06 1.40372e+06 0
1.34052e+06 1.40854e+06 0
1.34052e+06 1.40854e+06 0
1.33507e+06 1.40283e+06 0
1.34164e+06 1.40983e+06 0
1.33913e+06 1.40725e+06 0
1.33913e+06 1.40725e+06 0
1.33543e+06 1.40336e+06 0
1.34036e+06 1.40855e+06 0
1.34036e+06 1.40856e+06 0
1.34036e+06 1.40855e+06 0
1.33537e+06 1.40333e+06 0
1.33537e+06 1.40333e+06 0
1.33677e+06 1.40488e+06 0
1.34043e+06 1.40885e+06 0
1.3413e+06 1.40984e+06 0
1.3413e+06 1.40984e+06 0
1.34289e+06 1.41152e+06 0
1.34289e+06 1.41152e+06 0
1.34213e+06 1.41074e+06 0
1.34213e+06 1.41074e+06 0
1.34213e+06 1.41074e+06 0
1.33564e+06 1.40395e+06 0
1.34126e+06 1.41006e+06 0
1.33939e+06 1.40809e+06 0
1.34051e+06 1.40928e+06 0
1.34382e+06 1.41277e+06 0
1.34382e+06 1.41277e+06 0
1.33925e+06 1.40798e+06 0
1.33807e+06 1.40679e+06 0
1.33807e+06 1.40679e+06 0
1.34278e+06 1.4118e+06 0
1.34278e+06 1.4118e+06 0
1.34278e+06 1.4118e+06 0
1.34116e+06 1.41012e+06 0
1.3368e+06 1.40556e+06 0
1.33815e+06 1.407e+06 0
1.34182e+06 1.41086e+06 0
1.34182e+06 1.41086e+06 0
1.34182e+06 1.41086e+06 0
1.34032e+06 1.4093e+06 0
1.33746e+06 1.40642e+06 0
1.34334e+06 1.41283e+06 0
1.34334e+06 1.41283e+06 0
1.34334e+06 1.41283e+06 0
1.34137e+06 1.41078e+06 0
1.34143e+06 1.41092e+06 0
1.34133e+06 1.41082e+06 0
1.34235e+06 1.41204e+06 0
1.3426e+06 1.41233e+06 0
1.34377e+06 1.4137e+06 0
1.34377e+06 1.4137e+06 0
1.34377e+06 1.4137e+06 0
1.3445e+06 1.41464e+06 0
1.34285e+06 1.41301e+06 0
1.3428e+06 1.41296e+06 0
1.34283e+06 1.41326e+06 0
1.34408e+06 1.41475e+06 0
1.34409e+06 1.41475e+06 0
1.34409e+06 1.41475e+06 0
1.3447e+06 1.41557e+06 0
1.34323e+06 1.41414e+06 0
1.34286e+06 1.41401e+06 0
1.34286e+06 1.41402e+06 0
1.34276e+06 1.41401e+06 0
1.34421e+06 1.41568e+06 0
1.34281e+06 1.41425e+06 0
1.34326e+06 1.41478e+06 0
1.34315e+06 1.4151e+06 0
1.34315e+06 1.41511e+06 0
1.34449e+06 1.4166e+06 0
1.34449e+06 1.4166e+06 0
1.34275e+06 1.41479e+06 0
1.34275e+06 1.41479e+06 0
1.34452e+06 1.41666e+06 0
1.34277e+06 1.4149e+06 0
1.34429e+06 1.41662e+06 0
1.34429e+06 1.41662e+06 0
1.34366e+06 1.41597e+06 0
1.34317e+06 1.41568e+06 0
1.3436e+06 1.41623e+06 0
1.34336e+06 1.41611e+06 0
1.34336e+06 1.41611e+06 0
1.34475e+06 1.41771e+06 0
1.3432e+06 1.41611e+06 0
1.3432e+06 1.41611e+06 0
1.34319e+06 1.41614e+06 0
1.34333e+06 1.41633e+06 0
1.34347e+06 1.41668e+06 0
1.3421e+06 1.41529e+06 0
1.34261e+06 1.41583e+06 0
1.3437e+06 1.41698e+06 0
1.34219e+06 1.41541e+06 0
1.33836e+06 1.41141e+06 0
1.33836e+06 1.4114e+06 0
1.3384e+06 1.41146e+06 0
1.33266e+06 1.40613e+06 0
1.34427e+06 1.41842e+06 0
1.3458e+06 1.42045e+06 0
1.35859e+06 1.43536e+06 0
1.35879e+06 1.43559e+06 0
1.35878e+06 1.4356e+06 0
1.35843e+06 1.43537e+06 0
1.35674e+06 1.43359e+06 0
1.35715e+06 1.43419e+06 0
1.35591e+06 1.43296e+06 0
1.35511e+06 1.43215e+06 0
1.3562e+06 1.43335e+06 0
1.35215e+06 1.42908e+06 0
1.35564e+06 1.43283e+06 0
1.35571e+06 1.43291e+06 0
1.3558e+06 1.43301e+06 0
1.35589e+06 1.43312e+06 0
1.35574e+06 1.43295e+06 0
1.35594e+06 1.43317e+06 0
1.35593e+06 1.43316e+06 0
1.35568e+06 1.4329e+06 0
1.35594e+06 1.43318e+06 0
1.35585e+06 1.43309e+06 0
1.35596e+06 1.4332e+06 0
1.35594e+06 1.43319e+06 0
1.35669e+06 1.434e+06 0
1.35589e+06 1.43315e+06 0
1.35617e+06 1.43345e+06 0
1.35614e+06 1.43343e+06 0
1.35613e+06 1.43341e+06 0
1.3558e+06 1.43307e+06 0
1.35622e+06 1.43352e+06 0
1.35623e+06 1.43353e+06 0
1.3558e+06 1.43308e+06 0
1.35604e+06 1.43334e+06 0
1.35589e+06 1.43319e+06 0
1.35619e+06 1.43351e+06 0
1.35632e+06 1.43366e+06 0
1.35633e+06 1.43366e+06 0
1.35592e+06 1.43324e+06 0
1.35706e+06 1.43445e+06 0
1.35867e+06 1.43622e+06 0
1.35874e+06 1.43634e+06 0
1.35778e+06 1.43539e+06 0
1.35797e+06 1.43565e+06 0
1.35656e+06 1.43435e+06 0
1.35937e+06 1.43745e+06 0
1.35932e+06 1.4374e+06 0
1.35851e+06 1.43657e+06 0
1.35877e+06 1.43704e+06 0
1.35982e+06 1.43824e+06 0
1.35743e+06 1.43592e+06 0
1.36278e+06 1.44204e+06 0
1.35849e+06 1.43763e+06 0
1.36169e+06 1.44108e+06 0
1.36131e+06 1.44085e+06 0
1.35937e+06 1.43885e+06 0
1.37642e+06 1.457e+06 0
1.37715e+06 1.45777e+06 0
1.37645e+06 1.4573e+06 0
1.37691e+06 1.45784e+06 0
1.37853e+06 1.45958e+06 0
1.37523e+06 1.4561e+06 0
1.37975e+06 1.4609e+06 0
1.37642e+06 1.45738e+06 0
1.37537e+06 1.45628e+06 0
1.38081e+06 1.46217e+06 0
1.36107e+06 1.44135e+06 0
1.37801e+06 1.4593e+06 0
1.37324e+06 1.45442e+06 0
1.38191e+06 1.46362e+06 0
1.38247e+06 1.46424e+06 0
1.37422e+06 1.45523e+06 0
1.36253e+06 1.44322e+06 0
1.36256e+06 1.44325e+06 0
1.37186e+06 1.45321e+06 0
1.37231e+06 1.4537e+06 0
1.37598e+06 1.45769e+06 0
1.38092e+06 1.46296e+06 0
1.37644e+06 1.45828e+06 0
1.37404e+06 1.45586e+06 0
1.37499e+06 1.45687e+06 0
1.37145e+06 1.45317e+06 0
1.37583e+06 1.45781e+06 0
1.37497e+06 1.45692e+06 0
1.36416e+06 1.44553e+06 0
1.36481e+06 1.44622e+06 0
1.37584e+06 1.45792e+06 0
1.37405e+06 1.45608e+06 0
1.37856e+06 1.46093e+06 0
1.37304e+06 1.4551e+06 0
1.37304e+06 1.45509e+06 0
1.37039e+06 1.45232e+06 0
1.38336e+06 1.46607e+06 0
1.36951e+06 1.45138e+06 0
1.38033e+06 1.46288e+06 0
1.3632e+06 1.44485e+06 0
1.37206e+06 1.45426e+06 0
1.37207e+06 1.45427e+06 0
1.36433e+06 1.44606e+06 0
1.38579e+06 1.46887e+06 0
1.37352e+06 1.45587e+06 0
1.38179e+06 1.46464e+06 0
1.36746e+06 1.44948e+06 0
1.37514e+06 1.45763e+06 0
1.37825e+06 1.46093e+06 0
1.37643e+06 1.45902e+06 0
1.37519e+06 1.45771e+06 0
1.37499e+06 1.45752e+06 0
1.36852e+06 1.45066e+06 0
1.36845e+06 1.45058e+06 0
1.37501e+06 1.45755e+06 0
1.37492e+06 1.45747e+06 0
1.37183e+06 1.4542e+06 0
1.37497e+06 1.45753e+06 0
1.36785e+06 1.44999e+06 0
1.36539e+06 1.44741e+06 0
1.36538e+06 1.44741e+06 0
1.36541e+06 1.44747e+06 0
1.37084e+06 1.45323e+06 0
1.36797e+06 1.4502e+06 0
1.37089e+06 1.45331e+06 0
1.37984e+06 1.46282e+06 0
1.38665e+06 1.47005e+06 0
1.3646e+06 1.44671e+06 0
1.36706e+06 1.44938e+06 0
1.36612e+06 1.4484e+06 0
1.36959e+06 1.45208e+06 0
1.3663e+06 1.44862e+06 0
1.36727e+06 1.44965e+06 0
1.36928e+06 1.45184e+06 0
1.38093e+06 1.46423e+06 0
1.36483e+06 1.44721e+06 0
1.36861e+06 1.45123e+06 0
1.36488e+06 1.44729e+06 0
1.37035e+06 1.45311e+06 0
1.37036e+06 1.45312e+06 0
1.37036e+06 1.45312e+06 0
1.37038e+06 1.45314e+06 0
1.3704e+06 1.45316e+06 0
1.37034e+06 1.4531e+06 0
1.3701e+06 1.45287e+06 0
1.36491e+06 1.44737e+06 0
1.38947e+06 1.47349e+06 0
1.36784e+06 1.45057e+06 0
1.36758e+06 1.45033e+06 0
1.36376e+06 1.44628e+06 0
1.36602e+06 1.44875e+06 0
1.36683e+06 1.44967e+06 0
1.36613e+06 1.44894e+06 0
1.36865e+06 1.45172e+06 0
1.38215e+06 1.46605e+06 0
1.3846e+06 1.46867e+06 0
1.3653e+06 1.44822e+06 0
1.3653e+06 1.44822e+06 0
1.36687e+06 1.44996e+06 0
1.38331e+06 1.46758e+06 0
1.38486e+06 1.46934e+06 0
1.38664e+06 1.47127e+06 0
1.39418e+06 1.47959e+06 0
1.39704e+06 1.48291e+06 0
1.3912e+06 1.47695e+06 0
1.39816e+06 1.48435e+06 0
1.39108e+06 1.47703e+06 0
1.39787e+06 1.48457e+06 0
1.39912e+06 1.48612e+06 0
1.39632e+06 1.48322e+06 0
1.39641e+06 1.48337e+06 0
1.40007e+06 1.48747e+06 0
1.40735e+06 1.49542e+06 0
1.40741e+06 1.4955e+06 0
1.40752e+06 1.49563e+06 0
1.4075e+06 1.49562e+06 0
1.4075e+06 1.49562e+06 0
1.40754e+06 1.49569e+06 0
1.40756e+06 1.49571e+06 0
1.4075e+06 1.49564e+06 0
1.4075e+06 1.49565e+06 0
1.40752e+06 1.49567e+06 0
1.40751e+06 1.49567e+06 0
1.40761e+06 1.49577e+06 0
1.40759e+06 1.49575e+06 0
1.4076e+06 1.49576e+06 0
1.4076e+06 1.49576e+06 0
1.4076e+06 1.49576e+06 0
1.4076e+06 1.49576e+06 0
1.4076e+06 1.49576e+06 0
1.4076e+06 1.49576e+06 0
1.40759e+06 1.49575e+06 0
1.4076e+06 1.49576e+06 0
1.4076e+06 1.49576e+06 0
1.40759e+06 1.49576e+06 0
1.40759e+06 1.49576e+06 0
1.4076e+06 1.49576e+06 0
1.40759e+06 1.49576e+06 0
1.40759e+06 1.49576e+06 0
1.40759e+06 1.49576e+06 0
1.4076e+06 1.49576e+06 0
1.4076e+06 1.49576e+06 0
1.40752e+06 1.49568e+06 0
1.40754e+06 1.4957e+06 0
1.40755e+06 1.4957e+06 0
1.40751e+06 1.49567e+06 0
1.4076e+06 1.49577e+06 0
1.40755e+06 1.49573e+06 0
1.40184e+06 1.48967e+06 0
1.4075e+06 1.49568e+06 0
1.40749e+06 1.49568e+06 0
1.40755e+06 1.49575e+06 0
1.40746e+06 1.49566e+06 0
1.40755e+06 1.49576e+06 0
1.40762e+06 1.49583e+06 0
1.40745e+06 1.49565e+06 0
1.40755e+06 1.49576e+06 0
1.40736e+06 1.49556e+06 0
1.40737e+06 1.49558e+06 0
1.40739e+06 1.49562e+06 0
1.40755e+06 1.49578e+06 0
1.40747e+06 1.49569e+06 0
1.40733e+06 1.49555e+06 0
1.40741e+06 1.49564e+06 0
1.40735e+06 1.49558e+06 0
1.40746e+06 1.49569e+06 0
1.40733e+06 1.49556e+06 0
1.4073e+06 1.49553e+06 0
1.40743e+06 1.49568e+06 0
1.40735e+06 1.4956e+06 0
1.40742e+06 1.49567e+06 0
1.40744e+06 1.4957e+06 0
1.40597e+06 1.49414e+06 0
1.40597e+06 1.49414e+06 0
1.40599e+06 1.49417e+06 0
1.40597e+06 1.49415e+06 0
1.40597e+06 1.49415e+06 0
1.40597e+06 1.49415e+06 0
1.40597e+06 1.49415e+06 0
1.40597e+06 1.49415e+06 0
1.40601e+06 1.49419e+06 0
1.40597e+06 1.49415e+06 0
1.40597e+06 1.49415e+06 0
1.40597e+06 1.49415e+06 0
1.40597e+06 1.49415e+06 0
1.40602e+06 1.4942e+06 0
1.40597e+06 1.49415e+06 0
1.40597e+06 1.49415e+06 0
1.40597e+06 1.49415e+06 0
1.40597e+06 1.49415e+06 0
1.40597e+06 1.49415e+06 0
1.40598e+06 1.49415e+06 0
1.40598e+06 1.49415e+06 0
1.40598e+06 1.49415e+06 0
1.40597e+06 1.49414e+06 0
1.40598e+06 1.49415e+06 0
1.40598e+06 1.49415e+06 0
1.40607e+06 1.49425e+06 0
1.40597e+06 1.49414e+06 0
1.40598e+06 1.49415e+06 0
1.40597e+06 1.49414e+06 0
1.40598e+06 1.49416e+06 0
1.40597e+06 1.49414e+06 0
1.40598e+06 1.49416e+06 0
1.40598e+06 1.49416e+06 0
1.40597e+06 1.49414e+06 0
1.40597e+06 1.49415e+06 0
1.40597e+06 1.49415e+06 0
1.40597e+06 1.49415e+06 0
1.40596e+06 1.49413e+06 0
1.40743e+06 1.49569e+06 0
1.40243e+06 1.49054e+06 0
1.40231e+06 1.49047e+06 0
1.40228e+06 1.49051e+06 0
1.40635e+06 1.49447e+06 0
1.40732e+06 1.49629e+06 0
1.40745e+06 1.4965e+06 0
1.4081e+06 1.49768e+06 0
1.38614e+06 1.47094e+06 0
1.40914e+06 1.49927e+06 0
1.40892e+06 1.49928e+06 0
1.41005e+06 1.50131e+06 0
1.40845e+06 1.50073e+06 0
1.40978e+06 1.50243e+06 0
1.41033e+06 1.50307e+06 0
1.41033e+06 1.50307e+06 0
1.41033e+06 1.50307e+06 0
1.41013e+06 1.5029e+06 0
1.41027e+06 1.50306e+06 0
1.41027e+06 1.50306e+06 0
1.4105e+06 1.50332e+06 0
1.41051e+06 1.50332e+06 0
1.41031e+06 1.50312e+06 0
1.41025e+06 1.50305e+06 0
1.41012e+06 1.50293e+06 0
1.41012e+06 1.50293e+06 0
1.41037e+06 1.50322e+06 0
1.41037e+06 1.50322e+06 0
1.41038e+06 1.50323e+06 0
1.41082e+06 1.50371e+06 0
1.41082e+06 1.50371e+06 0
1.41082e+06 1.50371e+06 0
1.41045e+06 1.50332e+06 0
1.41052e+06 1.5034e+06 0
1.41052e+06 1.5034e+06 0
1.41028e+06 1.50315e+06 0
1.41028e+06 1.50315e+06 0
1.41028e+06 1.50315e+06 0
1.41028e+06 1.50316e+06 0
1.41028e+06 1.50315e+06 0
1.41028e+06 1.50315e+06 0
1.41028e+06 1.50315e+06 0
1.41028e+06 1.50315e+06 0
1.41113e+06 1.50407e+06 0
1.41034e+06 1.50323e+06 0
1.41034e+06 1.50324e+06 0
1.41016e+06 1.50304e+06 0
1.41214e+06 1.50516e+06 0
1.41029e+06 1.5032e+06 0
1.41267e+06 1.50582e+06 0
1.41535e+06 1.50873e+06 0
1.41278e+06 1.506e+06 0
1.41286e+06 1.50613e+06 0
1.41263e+06 1.5059e+06 0
1.41105e+06 1.5043e+06 0
1.41096e+06 1.50429e+06 0
1.41097e+06 1.50433e+06 0
1.41099e+06 1.5044e+06 0
1.41098e+06 1.50438e+06 0
1.41097e+06 1.50438e+06 0
1.41115e+06 1.5046e+06 0
1.41115e+06 1.5046e+06 0
1.41115e+06 1.5046e+06 0
1.41115e+06 1.5046e+06 0
1.41093e+06 1.50439e+06 0
1.41092e+06 1.50438e+06 0
1.41093e+06 1.50439e+06 0
1.41092e+06 1.50439e+06 0
1.4109e+06 1.50436e+06 0
1.41094e+06 1.5044e+06 0
1.41092e+06 1.50439e+06 0
1.41108e+06 1.50463e+06 0
1.41108e+06 1.50463e+06 0
1.41108e+06 1.50463e+06 0
1.41352e+06 1.50725e+06 0
1.41085e+06 1.50442e+06 0
1.40997e+06 1.50351e+06 0
1.41064e+06 1.50426e+06 0
1.4102e+06 1.5038e+06 0
1.41056e+06 1.5042e+06 0
1.4106e+06 1.50425e+06 0
1.41076e+06 1.50443e+06 0
1.41076e+06 1.50443e+06 0
1.4108e+06 1.50456e+06 0
1.41083e+06 1.50468e+06 0
1.41002e+06 1.50383e+06 0
1.41501e+06 1.50916e+06 0
1.42611e+06 1.52111e+06 0
1.41276e+06 1.50699e+06 0
1.41406e+06 1.5084e+06 0
1.41406e+06 1.5084e+06 0
1.42592e+06 1.52108e+06 0
1.41273e+06 1.50708e+06 0
1.41274e+06 1.50709e+06 0
1.42577e+06 1.52114e+06 0
1.41416e+06 1.50856e+06 0
1.42558e+06 1.52113e+06 0
1.42558e+06 1.52113e+06 0
1.42541e+06 1.52114e+06 0
1.42541e+06 1.52114e+06 0
1.42524e+06 1.52116e+06 0
1.41316e+06 1.50837e+06 0
1.42512e+06 1.52114e+06 0
1.41428e+06 1.50961e+06 0
1.41381e+06 1.50922e+06 0
1.4133e+06 1.50871e+06 0
1.4119e+06 1.50352e+06 0
1.41463e+06 1.51018e+06 0
1.41429e+06 1.50988e+06 0
1.41414e+06 1.50973e+06 0
1.41432e+06 1.50996e+06 0
1.41432e+06 1.50996e+06 0
1.41365e+06 1.50927e+06 0
1.41385e+06 1.50948e+06 0
1.41448e+06 1.5102e+06 0
1.41336e+06 1.50902e+06 0
1.41316e+06 1.50882e+06 0
1.41352e+06 1.50921e+06 0
1.41352e+06 1.50921e+06 0
1.41465e+06 1.51043e+06 0
1.41466e+06 1.5105e+06 0
1.41416e+06 1.50998e+06 0
1.41414e+06 1.50997e+06 0
1.41299e+06 1.50875e+06 0
1.41367e+06 1.50952e+06 0
1.41365e+06 1.50953e+06 0
1.41436e+06 1.5103e+06 0
1.41318e+06 1.50907e+06 0
1.41318e+06 1.50907e+06 0
1.4147e+06 1.5107e+06 0
1.41442e+06 1.51045e+06 0
1.41417e+06 1.51025e+06 0
1.41393e+06 1.51e+06 0
1.41446e+06 1.51056e+06 0
1.4134e+06 1.50943e+06 0
1.41335e+06 1.50939e+06 0
1.41374e+06 1.50983e+06 0
1.41334e+06 1.50941e+06 0
1.41326e+06 1.50934e+06 0
1.41344e+06 1.50954e+06 0
1.41344e+06 1.50954e+06 0
1.4132e+06 1.50929e+06 0
1.41324e+06 1.50933e+06 0
1.41324e+06 1.50933e+06 0
1.41331e+06 1.50941e+06 0
1.41323e+06 1.50933e+06 0
1.41336e+06 1.50947e+06 0
1.41324e+06 1.50935e+06 0
1.41325e+06 1.50935e+06 0
1.41324e+06 1.50935e+06 0
1.41322e+06 1.50932e+06 0
1.4143e+06 1.51049e+06 0
1.4143e+06 1.51049e+06 0
1.41322e+06 1.50933e+06 0
1.41343e+06 1.50956e+06 0
1.41324e+06 1.50936e+06 0
1.41333e+06 1.50946e+06 0
1.41333e+06 1.50947e+06 0
1.41318e+06 1.50931e+06 0
1.41318e+06 1.50931e+06 0
1.41323e+06 1.50936e+06 0
1.41317e+06 1.5093e+06 0
1.41315e+06 1.50929e+06 0
1.41448e+06 1.5107e+06 0
1.41329e+06 1.50944e+06 0
1.41335e+06 1.5095e+06 0
1.41468e+06 1.51093e+06 0
1.41325e+06 1.5094e+06 0
1.41319e+06 1.50934e+06 0
1.41319e+06 1.50934e+06 0
1.41319e+06 1.50935e+06 0
1.41319e+06 1.50936e+06 0
1.41319e+06 1.50936e+06 0
1.41387e+06 1.51008e+06 0
1.41318e+06 1.50935e+06 0
1.41321e+06 1.5094e+06 0
1.41315e+06 1.50934e+06 0
1.41315e+06 1.50933e+06 0
1.41338e+06 1.50959e+06 0
1.43001e+06 1.52736e+06 0
1.41327e+06 1.50948e+06 0
1.41315e+06 1.50936e+06 0
1.4142e+06 1.51047e+06 0
1.41389e+06 1.51015e+06 0
1.41389e+06 1.51016e+06 0
1.41327e+06 1.50949e+06 0
1.41382e+06 1.5101e+06 0
1.41502e+06 1.51141e+06 0
1.41299e+06 1.50926e+06 0
1.41293e+06 1.50923e+06 0
1.41293e+06 1.50923e+06 0
1.41456e+06 1.51099e+06 0
1.41494e+06 1.5114e+06 0
1.41413e+06 1.51058e+06 0
1.41444e+06 1.51093e+06 0
1.41397e+06 1.51049e+06 0
1.41444e+06 1.51108e+06 0
1.41733e+06 1.51489e+06 0
1.41733e+06 1.51489e+06 0
1.43959e+06 1.53872e+06 0
1.41805e+06 1.51589e+06 0
1.41632e+06 1.51405e+06 0
1.41632e+06 1.51405e+06 0
1.43378e+06 1.53273e+06 0
1.43355e+06 1.53253e+06 0
1.41647e+06 1.51432e+06 0
1.43763e+06 1.53707e+06 0
1.43399e+06 1.53322e+06 0
1.4362e+06 1.53589e+06 0
1.41881e+06 1.51738e+06 0
1.4377e+06 1.53761e+06 0
1.41894e+06 1.51778e+06 0
1.43712e+06 1.53727e+06 0
1.41865e+06 1.51758e+06 0
1.41865e+06 1.51758e+06 0
1.42031e+06 1.51953e+06 0
1.41853e+06 1.51767e+06 0
1.44122e+06 1.54201e+06 0
1.44193e+06 1.54283e+06 0
1.43815e+06 1.53909e+06 0
1.43219e+06 1.53273e+06 0
1.43913e+06 1.5402e+06 0
1.43595e+06 1.53685e+06 0
1.43864e+06 1.53978e+06 0
1.43839e+06 1.5397e+06 0
1.43321e+06 1.53416e+06 0
1.43694e+06 1.53829e+06 0
1.43583e+06 1.53721e+06 0
1.43722e+06 1.53885e+06 0
1.42214e+06 1.52281e+06 0
1.43726e+06 1.53901e+06 0
1.43713e+06 1.53893e+06 0
1.43713e+06 1.53893e+06 0
1.43769e+06 1.53955e+06 0
1.4373e+06 1.53915e+06 0
1.43799e+06 1.54009e+06 0
1.43798e+06 1.54017e+06 0
1.43857e+06 1.54098e+06 0
1.4405e+06 1.54314e+06 0
1.4396e+06 1.54221e+06 0
1.43979e+06 1.54265e+06 0
1.43789e+06 1.5406e+06 0
1.43789e+06 1.5406e+06 0
1.43794e+06 1.54105e+06 0
1.42387e+06 1.526e+06 0
1.42166e+06 1.52369e+06 0
1.43837e+06 1.54165e+06 0
1.43841e+06 1.54178e+06 0
1.43566e+06 1.5391e+06 0
1.43744e+06 1.54102e+06 0
1.43744e+06 1.54102e+06 0
1.4224e+06 1.52503e+06 0
1.42475e+06 1.52758e+06 0
1.43639e+06 1.54016e+06 0
1.43637e+06 1.54017e+06 0
1.4363e+06 1.54023e+06 0
1.43631e+06 1.54023e+06 0
1.43631e+06 1.54023e+06 0
1.43631e+06 1.54023e+06 0
1.43752e+06 1.54154e+06 0
1.43752e+06 1.54154e+06 0
1.43752e+06 1.54154e+06 0
1.43445e+06 1.53833e+06 0
1.42323e+06 1.52653e+06 0
1.43495e+06 1.53913e+06 0
1.43625e+06 1.54052e+06 0
1.42832e+06 1.53301e+06 0
1.43439e+06 1.53978e+06 0
1.43419e+06 1.53961e+06 0
1.43415e+06 1.5396e+06 0
1.43025e+06 1.53563e+06 0
1.42988e+06 1.53542e+06 0
1.45352e+06 1.58347e+06 0
787586 862197 0
783205 858010 0
778366 853986 0
