-891004.66463435441256 -442387.01127720827935 0
-908709.0718464916572 -428110.78284047078341 0
-907988.14816934999544 -423276.5335316506098 3
-905390.23911012720782 -416006.33307815546868 1
-891712.15681437053718 -403769.61363351420732 1
-893025.6128613910405 -403306.72525225247955 2
-893025.6128613910405 -403306.72525225247955 3
-891286.16694799985271 -402059.22965532337548 1
-891286.16694799985271 -402059.22965532337548 4
-894173.53865418478381 -401562.5496572694974 1
-823627.31723990081809 -399747.28476494678762 1
-614869.14628048357554 -373428.16856896865647 0
-566200.44739807816222 -369049.15299693448469 0
-555180.98239629610907 -364865.3475155600463 1
-563528.17021822545212 -361402.30296890810132 0
-561725.60033836145885 -359937.35455894639017 1
-568377.46309232898057 -358499.07352296577301 0
-566686.46604425366968 -345044.60026885406114 0
-567415.53418855171185 -342969.6758677152684 0
-94612.135093613091158 -118630.54598661043565 1
-94305.216510848753387 -118449.98109946239856 1
-276823.79764022759628 -111502.74220546556171 2
-274347.05624036345398 -111557.88547484435549 10
-341573.61103298864327 -115830.99528048268985 1
-276099.86634444573428 -111323.87950870754139 1
-317960.44783456576988 -104265.04674905618594 1
-320095.81205668253824 -103998.55600177301676 1
-320085.6065305871889 -103798.79676582594402 2
-320085.6065305871889 -103798.79676582594402 3
-320094.09722269588383 -103353.26512999311672 3
-320094.09722269588383 -103353.26512999311672 4
-320094.09722269588383 -103353.26512999311672 5
-320094.09722269588383 -103353.26512999311672 6
-320092.96306673111394 -103331.06961399276042 3
-320092.96306673111394 -103331.06961399276042 5
-180813.63547664223006 -104104.23243974652723 1
-180813.63547664223006 -104104.23243974652723 2
-112323.83625943707011 -105428.87567821537959 0
4023.8548626293049892 -105728.94603803608334 1
4023.8548626293049892 -105728.94603803608334 3
3959.2555520969690406 -105527.17982377542648 1
-358965.82235192973167 -94745.138489171426045 1
-358965.82235192973167 -94745.138489171426045 2
-110247.90451212217158 -104125.07125588384224 1
-111302.90926701697754 -104009.62433112628059 2
-241672.51896671036957 -99636.073851819470292 1
-111482.62882210368116 -103189.4501157124032 1
-111436.48130108921032 -103095.8108444505342 1
-109245.02709189978486 -102588.23432011459954 1
-330.44454538351419615 -102047.89472275103617 2
-111108.79798237266368 -99889.248767804820091 1
-109833.51272438603337 -98109.206845362961758 10
-358563.26083669799846 -86234.360344305925537 0
-358563.26083669799846 -86234.360344305925537 1
-6645.8902417498375144 -95668.737645586559665 2
-87592.184526619123062 -92259.929337156296242 2
-107040.32919381101965 -89582.705054649850354 6
-352879.93517550599063 -78678.628188355447492 1
-352797.44821245200001 -78142.82403104948753 18
-352797.44821245200001 -78142.82403104948753 19
-110031.50997469006688 -86962.364944776767516 1
-352749.7997882879572 -77743.490697619999992 37
-353304.81980283441953 -77209.794385304587195 118
-87667.000263873589574 -86718.578281477399287 1
-353165.72498629952315 -77002.861184291105019 6
-107656.18189260855434 -82296.549291034898488 30
-14029.407428018421342 -82656.833876311444328 2
-14077.982609582057194 -82644.497506805346347 1
-14114.506658442136541 -82633.299848438313347 1
-14114.506658442136541 -82633.299848438313347 3
-85414.689003019637312 -81647.749037437635707 1
-97439.060071166270063 -79871.49954284731939 2
-106353.71255111394566 -79334.308639409297029 19
-84324.400137967895716 -79355.487650221562944 1
-17806.074140821980109 -78834.754426802130183 2
-96078.815706151392078 -78026.255545318330405 1
-95971.025305961171398 -77991.262434255506378 1
-95845.091213932813844 -77938.766518861302757 1
-95892.417774696950801 -77933.580783433630131 1
-95864.451568388176383 -77883.999161220723181 2
-95882.000176100307726 -77812.587130579195218 2
-95758.681041740026558 -77727.814299119141651 2
-95068.034809384669643 -77235.035268587147584 1
-94930.856174785702024 -77157.129930115304887 1
-94865.271438534662593 -77085.895347585072159 1
-94860.185598227704759 -77058.185810317198047 1
-94832.044471467525 -76996.375408554071328 1
-106813.86403641384095 -76413.91920040739933 62
-105706.96444025283563 -76227.014689648494823 269
-94239.124410858785268 -76277.463394123420585 1
-94201.316609563742531 -76243.586845817961148 1
-94082.121359220895101 -76119.813776504161069 2
-94103.667991208349122 -76106.144829663244309 1
-94055.747458474768791 -76071.311031744626234 1
-94062.704424850307987 -76068.981268486881163 1
-94009.27989359262574 -76029.785412006167462 1
-93978.398041144755553 -75991.355205424493761 1
-93932.540037316386588 -75938.704369986895472 1
-93842.073694747581612 -75864.505390172984335 2
-107073.57117507295334 -75425.652990183443762 254
-168260.58389693096979 -72964.030363837169716 1
-361825.44745681126369 -64581.277975259283266 1
-361825.44745681126369 -64581.277975259283266 3
-83961.848972428939305 -73308.993199969598209 1
-84133.528827329617343 -73244.839053498435533 1
-84133.528827329617343 -73244.839053498435533 2
-84133.528827329617343 -73244.839053498435533 3
-84133.528827329617343 -73244.839053498435533 4
-84133.528827329617343 -73244.839053498435533 5
-84133.528827329617343 -73244.839053498435533 6
-84133.528827329617343 -73244.839053498435533 7
-84024.431541363315773 -73153.746243570029037 3
-83915.337409322004532 -73062.65146323753288 1
-84131.015805420218385 -73059.695040580962086 3
-83977.158834381290944 -72845.614953255135333 3
-83955.159219510038383 -72815.127314595956705 1
-83975.485894644545624 -72722.148371794261038 1
-83975.485894644545624 -72722.148371794261038 3
-365774.86780804698355 -62265.740752612247888 2
-84270.609674389299471 -72224.13906384485017 2
-377089.50188330584206 -60544.461011950093962 9
-359654.70955047028838 -61476.109621761694143 1
-84375.070944054110441 -71388.505081637747935 65
-32783.875582047228818 -70647.278873536721221 2
-371846.67827420349931 -58803.676010223942285 111
-376231.55235128954519 -58255.225413458298135 1
-376231.55235128954519 -58255.225413458298135 2
-376939.84215400420362 -57636.289985025192436 4
-376939.84215400420362 -57636.289985025192436 5
-376940.57585921045393 -57521.106474288892059 1
-376940.57585921045393 -57521.106474288892059 2
-376940.57585921045393 -57521.106474288892059 3
-376891.20989408076275 -57546.425069340781192 24
-376891.20989408076275 -57546.425069340781192 25
-377253.02464494179003 -57329.20805281635694 5
-377253.02464494179003 -57329.20805281635694 6
-377262.19549208076205 -57323.073620920338726 7
-377262.19549208076205 -57323.073620920338726 8
-89646.713793219038052 -68158.651525551831583 3
-33061.562230482355517 -68158.486671206657775 10
-376441.80776731221704 -56477.115959633141756 12
-84286.327970950660529 -65462.027976248922641 1
-84041.463131929776864 -64878.831883690123504 1
-83909.277635893842671 -64664.449450427564443 1
-103467.51754486188293 -63999.267134846304543 2
-103641.73061950037663 -63923.731911709328415 1
-83656.269016520498553 -61889.035021892937948 1
-37534.650155240306049 -61611.079120646842057 24
-82376.989421385078458 -56379.481888584719854 1
-81836.174247048737016 -54534.085967386461562 1
-81537.457092169119278 -53086.913253566337517 1
-80949.744140868846443 -52538.937940702744527 7
-81096.513769864192 -52259.096003868457046 0
-85611.033048924407922 -49319.682341929219547 26
-85611.033048924407922 -49319.682341929219547 46
-840773.31815288227517 22144.344193616128905 0
-840773.31815288227517 22144.344193616128905 5
-840772.47635763068683 22412.467895140387554 1
-840591.68544512218796 22903.343256927753828 5
-46851.971520987433905 -31020.482732018252136 2
-46238.075434683960339 -30700.149836412223522 1
-46194.113158038686379 -30546.084980366580567 3
-45634.855375072278548 -30241.505743649282522 1
-47069.845000881570741 -30230.579354713954672 2
-46468.796815003501251 -30049.896259891058435 3
-45723.376932149105414 -30045.647793803684181 1
-45607.845761821939959 -29959.477622631937265 3
-45439.570738991256803 -29903.378448024093814 1
-46830.806247964523209 -29867.93478878642054 1
-45990.656480746169109 -29700.933433356029127 7
-47634.756836356435088 -29608.588688123083557 1
-47339.260272554922267 -29055.101078450366913 0
-46859.674933957619942 -29077.375828702548461 10
-46053.014133505144855 -28879.779376729380601 0
-46780.789521381921077 -28843.326853483144077 0
-45647.793591111767455 -28525.235158290463005 2
-45647.793591111767455 -28525.235158290463005 6
-46806.459579879658122 -28500.871915928772069 6
-47016.661601372754376 -28438.892405155958841 2
-48030.01187197836407 -28425.754753793371492 2
-48030.01187197836407 -28425.754753793371492 4
-48016.104910065187141 -28421.751614740358491 2
-48016.104910065187141 -28421.751614740358491 6
-47960.914758164384693 -28098.04732481600513 1
-854800.41984004050028 32356.903142390590801 1
-42428.133713579954929 -28041.540304243477294 1
-42483.167097374913283 -28019.035860083087755 0
-43164.415098507495713 -27998.679639494308503 0
-42454.455653345852625 -27991.446662800335616 0
-45695.832213418500032 -27702.30048816872295 3
-42769.660784641033388 -27653.541215845070838 0
-42709.295920434931759 -27618.394512844985002 0
-46757.41010069087497 -27530.832288091474766 1
-41247.291248623783758 -27555.560579501307075 1
-45837.702776442602044 -27503.370755025462131 1
-49236.734332290812745 -27413.455270204449334 2
-49236.734332290812745 -27413.455270204449334 7
-42832.515687237617385 -27384.095660390354169 0
-42786.936172646084742 -27368.854151515632111 0
-43307.807310197393235 -27240.671579446021497 0
-42926.787191632043687 -26979.92580514128349 0
-42876.664642896794248 -26975.832883704639244 0
-42450.479296883146162 -26942.138985599511216 94
-43038.841963757600752 -26585.966017285485577 1
-41773.604022395185893 -26255.195437849153677 4
-38797.460750304060639 -26120.504384167667013 2
-41151.680722644487105 -26074.132764697693347 1
-38238.469899250747403 -25722.651034068599984 1
-37913.383734448289033 -25076.187783384259092 1
-35532.613405271680676 -24164.279354712612985 1
-37241.702868028769444 -23721.757485184047255 0
-36598.389265911791881 -23478.66859592248511 1
-35982.993302987226343 -21444.465297294646007 5
-33910.407684165686078 -20270.646665356220183 1
-35877.89683138338296 -19456.779104044733685 0
-33253.238801300904015 -18765.846054589961568 0
-31731.69645754420344 -17630.707453114693635 1
-30495.233756323308626 -16851.253047204259929 5
-32305.797875521260721 -16482.736029190054978 3
-30055.348541041206772 -16455.938588012948458 7
-31132.499505161944398 -16080.684285476432706 1
-26546.874430261359521 -15625.806561499117379 1
-30009.708246299564053 -15203.726469471637756 1
-26663.901060893971589 -15192.994048950800789 1
-28944.816598687561054 -15178.32656712705284 1
-30721.537501397477172 -15103.568984577294032 1
-29057.024525142307539 -14369.879998080014047 1
-27950.787891712108831 -14318.381561512240296 1
-27950.787891712108831 -14318.381561512240296 2
-25345.343494002016087 -14056.585579233775206 2
-21823.580950531599228 -13906.6386240586653 1
-23039.564731180831586 -13893.697886919886514 3
-23582.220714347928151 -13686.969263695027621 2
-20685.495248784183786 -13626.054272573153867 0
-26206.95593406667831 -13554.931112952959666 1
-26206.95593406667831 -13554.931112952959666 2
-23516.491258700414619 -13512.703341096283111 1
-23516.491258700414619 -13512.703341096283111 3
-23516.491258700414619 -13512.703341096283111 4
-23327.128357120007422 -13480.864074971603259 0
-19749.14719731306468 -13398.071626812816248 1
-27228.940221134238527 -13337.895354444975965 1
-27228.940221134238527 -13337.895354444975965 2
-19722.455483965750318 -13181.730623533025209 2
-19722.455483965750318 -13181.730623533025209 3
-19722.455483965750318 -13181.730623533025209 9
-19926.475067352668702 -13142.825455712234543 0
-23810.083244858527905 -12963.540721109020524 6
-20634.584096157188469 -12967.16183629274019 1
-20634.584096157188469 -12967.16183629274019 2
-20634.584096157188469 -12967.16183629274019 5
-19913.310107409357443 -12879.420194758264188 0
-21641.591853430480114 -12835.821532124562509 2
-21641.591853430480114 -12835.821532124562509 6
-23243.730041501377855 -12785.323130549893904 0
-16863.84073912720487 -12758.378692953858263 19
-23226.782763512048405 -12676.228919330733333 2
-24623.680409218446584 -12630.260866814445762 1
-24623.680409218446584 -12630.260866814445762 2
-16358.089171350286051 -12588.68807753114379 0
-23423.503468609746051 -12409.24477399835996 1
-23194.637858509493526 -12210.81367786683586 0
-18391.641410772350355 -12198.143480513623217 1
-18391.641410772350355 -12198.143480513623217 5
-24101.441016582455632 -12116.351714180913405 1
-17160.495501784469525 -11923.849731327140034 1
-19758.721446124480281 -11801.008128208854032 1
-19758.721446124480281 -11801.008128208854032 2
-23640.396914718134212 -11778.904145310827516 0
-18461.621011293034826 -11774.189799796280568 1
-18461.621011293034826 -11774.189799796280568 10
-18461.621011293034826 -11774.189799796280568 3
-23684.02349307357872 -11690.250539675798791 1
-23684.02349307357872 -11690.250539675798791 3
-22179.677101734159805 -11536.753259644508944 1
-18269.004219281669066 -11272.107551040715407 4
-17317.06981929385438 -11106.824709329666803 10
-17317.06981929385438 -11106.824709329666803 5
-15649.973627294861217 -11089.565510952699697 2
-15649.973627294861217 -11089.565510952699697 7
-16436.230364432813076 -11034.68599422070838 13
-16436.230364432813076 -11034.68599422070838 3
-16436.230364432813076 -11034.68599422070838 8
-23221.40566437398229 -10946.486370193133553 1
-17220.584981604355562 -10503.278151198635896 10
-19184.662453712960996 -10497.386390926236345 2
-18005.689067437000631 -10478.656117878694204 4
-14525.672976179939724 -10479.4251957629549 2
-14525.672976179939724 -10479.4251957629549 8
-19315.023122839393181 -10428.053528604210442 0
-20524.447307810049097 -10316.257790290441335 1
-20524.447307810049097 -10316.257790290441335 5
-15556.970784968036241 -10190.18714958828059 11
-15556.970784968036241 -10190.18714958828059 18
-15556.970784968036241 -10190.18714958828059 6
-17240.807480608938931 -10127.166108165583864 3
-21798.543781685548311 -10077.265970539665432 0
-20373.543842986357049 -10030.306238741881316 1
-16524.092812091377709 -10019.445238871116089 3
-16524.092812091377709 -10019.445238871116089 6
-16524.092812091377709 -10019.445238871116089 8
-18086.046869154364686 -10002.09585258777588 1
-21023.079836374239676 -9692.8306755251160212 2
-14730.470539332758563 -9200.3682838873610308 11
-14730.470539332758563 -9200.3682838873610308 3
-14730.470539332758563 -9200.3682838873610308 6
-16789.813276852670242 -9145.8856722446726053 1
-16682.658782523805712 -8991.7795902020061476 1
-16784.541822575858532 -8962.2633895554063201 1
-15635.864682843344781 -8624.0705433652110514 7
-15356.737904209916451 -8567.31368227355415 3
-14057.679350695616449 -8249.8768267707619088 1
-14057.679350695616449 -8249.8768267707619088 4
-14057.679350695616449 -8249.8768267707619088 5
-13201.54784665830266 -7884.1931834647748474 1
-14875.945671389861673 -7638.098970448358159 1
-14929.105100362661688 -7637.7460333036560769 1
-14756.908168432977618 -7020.5592645471697324 2
-13348.571458521633758 -6653.1019926454900997 1
-13348.571458521633758 -6653.1019926454900997 11
-13348.571458521633758 -6653.1019926454900997 5
-12613.449262179712605 -6253.2744433052539534 1
-14091.886980298189883 -6007.5772075864579165 1
-14341.645613183058231 -5391.4938414803618798 1
-14341.645613183058231 -5391.4938414803618798 5
-14389.803920114723951 -5168.7243327128426245 3
-12794.886569155107281 -4845.7092104932216898 3
-14239.433849622899288 -4736.8853454375712317 1
-13736.909433733142578 -4614.5449535668849421 2
-13620.31360819533802 -3639.702482779467573 1
-13620.31360819533802 -3639.702482779467573 7
-12173.897476483522041 -3457.5856407893356845 1
-12173.897476483522041 -3457.5856407893356845 2
-13982.80854158886541 -3399.7691700036421025 2
-13982.80854158886541 -3399.7691700036421025 3
-12125.153562378152856 -3382.760688766160456 1
-13917.680211246541148 -3186.2670323388383622 2
-12258.152897760977794 -2946.0740109538028264 1
-12258.152897760977794 -2946.0740109538028264 2
-12908.916859253744406 -2899.4801502325008187 1
-13304.365600423918295 -2398.3986082657324914 2
-12804.991623860934851 -2177.1514850033358925 14
-12986.145461928417717 -1899.4180230669940102 5
-12986.145461928417717 -1899.4180230669940102 6
-11454.329140734262182 -1578.4714963274864203 0
-13065.31866192256166 -1493.2857783170816219 1
-13065.31866192256166 -1493.2857783170816219 12
-13059.218534404129969 -1404.7031234539740581 15
-12888.424056647923862 -1312.3600462772981246 10
-12631.681689711305808 -849.80126324425236817 1
-14038.247293062788231 -753.99639551647965163 1
-13505.339777347926429 -724.30483792966515466 3
-12360.475361405857257 -725.1925749531492329 0
-13931.599112087296817 -692.54779429325685669 1
-17934.147901230528078 -583.19826180448308151 17
-17934.147901230528078 -583.19826180448308151 7
-17880.021112438334967 -572.79786491243339697 1
-23518.200056050092826 1090.8932417138451001 1
-11314.920218289835248 1154.7344608266425894 6
-9490.0992395746943657 2066.4636361874722752 0
4674.3942665756567294 5198.9421638484072901 1
4898.9754575228753311 5233.580164755041551 1
4896.6262147796096542 5294.7176593024851172 2
4606.6325569640321191 5595.7405297823115689 1
2832.8716655301659557 5597.9851898500501193 5
3350.999987043523106 5962.0850943828245363 2
2086.0811679122639362 6139.0435848547676869 11
1264.4096703241214072 6239.1959918275124437 1
2435.358122342464867 6332.2636198568525288 1
-1812.8648933523556934 6344.6064937973860651 1
1888.299045931870296 6493.6987319434265373 5
1962.5597701087517635 6510.2856044734635361 5
2057.5876097619475331 6533.7725028826480411 6
2157.2176256546899822 6544.8123097097486607 34
1998.5700199707030151 6544.757830740440113 1
2203.965609648449572 6553.7221732850939588 34
2203.965609648449572 6553.7221732850939588 7
1940.2401678632832045 6562.7472057546301585 1
2214.4613875829386416 6564.842276811935335 4
2125.09481576984399 6573.4809234164122245 5
2214.6872382997098612 6575.9586311755883798 111
2224.644426670568464 6592.6366916443466835 10
3022.4606784376701398 6620.7732879244213109 1
2177.9569540455595416 6629.4145684371324023 7
2445.3508916983196286 6639.4102046141015308 122
2445.3508916983196286 6639.4102046141015308 19
2433.8548685664891309 6639.4055696584673569 3
2093.5664167427971734 6657.0643007933349509 1
2534.2418191509823373 6667.237464042753345 11
2534.2418191509823373 6667.237464042753345 56
2098.1597967060865813 6671.5170468540145521 2
2350.2928961916268236 6701.6236664948082762 4
2197.0105269427726853 6711.5707160077563458 1
2507.3952946671593054 6721.6960216539355315 42
2633.0814981341081875 6726.1959196834905015 112
2660.6710678482227195 6727.3196159191629704 12
2239.1551088123646878 6730.4838310794057179 1
3435.7003899719375113 6765.0607330374587036 2
5167.3852002106350483 6902.3550549120391224 2
5266.3032847831900654 7013.3808283355447202 1
4291.2457315020246824 7156.2330796901878784 3
4521.0460429730555916 7290.6851437539353356 1
3142.2237090633088883 7702.4485057658366713 1
6159.4010980765960994 8002.3512181602309283 4
6105.8335305788350524 8010.4118132729799981 4
5265.3885105058279805 8063.2024843744784448 3
5644.1128563047204807 8493.5225480828485161 3
6797.1348794856467066 8682.3515716993388196 2
4397.0771569008466031 9156.1311638494735234 1
10257.183863867105174 10175.483612060503219 1
5815.3758351751966984 10456.826997743311949 1
9208.1104471141152317 10591.992012652222911 0
8900.3517144882462162 10968.931174588005888 0
6891.5242085475238127 11098.258966683250037 3
24875.669405867396563 11354.380220612343692 1
25639.373191859122016 11363.684604029100228 2
25043.343835497762484 11972.59078748068714 3
25553.379565398012346 12067.436309194978094 4
27275.939437805176567 12136.659187016990472 7
23808.884852848263108 12152.914172502762085 1
28573.119749373050581 12204.458708310205111 5
25067.21298729199043 12199.020607338734408 5
23971.429578928145929 12214.585786784875381 2
29762.62328582500777 12519.014082560115639 1
9040.7459421600069618 12646.931987914820638 1
26869.191510475746327 12721.564839893999306 1
21933.845425160026934 13072.152786126196588 2
31070.084019581885514 13141.780986119389127 0
31673.172702191819553 13208.053009680765172 1
22850.125945165655139 12581.532468094763317 1
10743.495053915787139 13354.941847794192654 2
10778.702346880847472 13359.451086738603408 7
20616.685495112717035 13620.670481834526072 2
21093.47885603308896 13656.776679987868192 0
25007.435226560290175 13874.023809942031221 3
30223.692047411001113 13989.014357193627802 0
25544.748753778614628 14105.381637586073339 2
23083.334790279033768 14384.395693281758213 3
24084.451406383435824 14399.419128796886071 1
20387.939279117363185 14483.642228181261089 1
24990.278233727069164 14504.479452059209507 2
24097.164400744637533 14531.755858827935299 1
12764.680148624074718 14631.923145761322303 0
13445.064399616467199 14653.07471176522813 1
25055.276561524493445 14703.51132667951606 1
23203.065809690095193 14837.072237947280883 1
27980.730092630972649 15002.043645529207424 1
22182.419285108549957 15011.325095477555806 8
22181.857375645740831 15018.437572725733844 1
19408.608787386205222 15074.035854453504726 1
33066.248432617379876 15130.005507809650226 1
18482.571689985510602 15067.797406586745637 1
29886.445332567207515 15157.907112838285684 0
11926.825472970911505 15397.021755833808129 1
21258.669286607451795 15439.32341900506799 1
21266.216940423473716 15447.465001723921887 1
13122.151112141207705 15425.067276359772222 1
35741.912686084011511 15639.261739283860152 1
22823.898152845376899 15586.212625674443188 1
31532.872343369126611 15646.732270531672839 1
16468.184137101259694 15636.691538474875415 1
24552.980117152575986 15693.040260559500894 2
27823.598916799812287 15716.110055023160385 1
25921.819888975009235 15742.112458781073656 1
24617.817295429693331 15744.439976292924257 3
24419.435273378050624 15789.212530981518285 0
17608.776682230545703 15778.863711553549365 3
17535.304018548296881 15781.984956011890972 1
24445.295477530671633 15828.224842308618463 1
24356.407487272899743 15857.880382117928093 0
21114.105424759753078 15854.572496701699492 1
24415.226357683815877 15883.685733062817235 1
16929.778287362682022 15859.184629861500071 3
14356.222666210531315 15921.220796929159405 5
14350.164212453102664 15958.891127862803842 2
14396.492618376441897 16009.35881332984718 2
20112.585367606472573 16031.24222108556387 7
17097.889550492367562 16051.861485231165716 4
20179.872962425215519 16092.273692233269685 1
29606.641791431538877 16185.920849725989683 1
36779.910074386163615 16232.226218066167348 1
13600.191453137162171 16220.949353351934406 2
16215.187711474216485 16376.362641616851761 0
15239.544511499765576 16397.167217191999953 1
18882.45479875149249 16413.013565081040724 9
15438.888410695399216 16479.712773383274907 7
16459.148019457803457 16451.502628699483466 1
18605.481076062809734 16581.235641126222617 3
30885.534589591137774 16735.923401699565147 1
13971.606916620286938 16784.955932809880323 13
17953.89358931006791 16809.263624721526867 4
14039.471565632313286 16851.144978835331131 1
19773.366742373862508 16893.761222255674511 129
19773.366742373862508 16893.761222255674511 159
19773.366742373862508 16893.761222255674511 185
19773.366742373862508 16893.761222255674511 257
19773.366742373862508 16893.761222255674511 337
19773.366742373862508 16893.761222255674511 72
19548.713827096824389 16946.500276409318758 1
14091.267267939270823 16950.201980573921901 28
39982.779691403695324 17240.734801299673563 2
17222.271846144649317 17163.860808688325051 3
16965.68588654895575 17238.837817751489638 12
12955.247170811220712 17237.797999665552197 1
15367.792680754155299 17414.647735148246284 0
16243.674371009365132 17531.66167581728223 19
15516.564503390978643 17573.993511400316493 24
18228.677892615498422 17785.001401031666319 1
32441.682607713744801 17896.870025463387719 1
35026.94468338288425 17951.107681197718193 10
14730.076121662208607 17907.741413438554446 1
14730.076121662208607 17907.741413438554446 3
16424.808338663096947 18073.301364032682613 1
33817.277035197061196 18551.402415511816798 1
35507.679885273319087 18816.787683617178118 1
37406.391683044654201 18891.615755741324392 1
45511.326122194652271 19657.623599236707378 1
48671.711225307357381 20269.018914761785709 1
42635.704544147840352 20748.306148665513319 5
49978.474919672109536 20834.648512053336162 0
42620.221746633193106 21196.201666138047585 1
49941.750774783846282 21942.694880802984699 0
51372.033308800397208 22452.958495371320168 4
48459.565476563875563 22587.617451343823632 8
48581.728773310722318 22699.768148709928937 2
52549.279514203837607 23184.359876185400935 1
60325.831009698544221 23700.665609839939862 41
60407.209703117172467 23740.389513829264615 1
60527.516308121594193 23784.951749412037316 26
60512.075875404545513 23800.360754313307552 1
60505.153433677325665 23804.738153826190683 32
60563.548042226801044 23849.792277965279936 40
60587.889862404001178 23861.153733066053974 20
60525.204645570644061 23862.747979187312012 4
60529.778539299666591 23863.905570990478736 16
60544.353936674044235 23858.493285591692256 18
60547.265140979194257 23872.974679020881013 3
60648.1143819015997 23876.210996370886278 2
60632.044205734651769 23878.272891028223967 1
60632.044205734651769 23878.272891028223967 10
60632.044205734651769 23878.272891028223967 11
60632.044205734651769 23878.272891028223967 12
60632.044205734651769 23878.272891028223967 13
60632.044205734651769 23878.272891028223967 15
60632.044205734651769 23878.272891028223967 16
60632.044205734651769 23878.272891028223967 2
60632.044205734651769 23878.272891028223967 23
60632.044205734651769 23878.272891028223967 24
60632.044205734651769 23878.272891028223967 3
60632.044205734651769 23878.272891028223967 4
60632.044205734651769 23878.272891028223967 40
60632.044205734651769 23878.272891028223967 5
60632.044205734651769 23878.272891028223967 6
60632.044205734651769 23878.272891028223967 7
60632.044205734651769 23878.272891028223967 8
60632.044205734651769 23878.272891028223967 9
60554.053194068517769 23881.936452519039449 7
60580.046453952112643 23881.085684570385638 0
60580.046453952112643 23881.085684570385638 8
60538.680089396686526 23890.675828184670536 35
60635.652102727093734 23899.431568745902041 31
60598.117851711111143 23907.948112774225592 1
54575.299303427222185 23883.590850260225125 1
60537.401066935883136 23941.801476388165611 31
60536.603319681766152 23945.128590412830818 14
60598.400271105812863 23955.754318370243709 35
60509.555303322325926 23974.873323467887531 24
60603.603792319743661 23970.258766731305514 40
60685.291110068166745 23978.861805558943161 0
60504.027156539603311 23992.605180741556978 1
60610.201145954175445 23998.11769848678523 5
60414.575247069777106 23996.155606146676291 1
60429.668589536529907 24015.205766263425176 6
60456.246575144716189 24032.147625036304817 8
60622.81083770278201 24036.042406583219417 4
60534.146043968496087 24037.375550223103346 7
60391.990194325240736 24038.174317604145472 6
60477.609489467984531 24035.696849912965263 5
60413.286106255029154 24048.392880147264805 9
60528.651450048906554 24051.772604071549722 13
60399.497773515890003 24051.589944826595456 1
60366.52741461268306 24062.377021892054472 2
60509.323780087244813 24073.812852936142008 1
60426.683421912013728 24084.101643671176134 8
60499.997329904523212 24089.283208500655746 1
60523.428662237653043 24115.087466650307761 2
58975.11679136044404 24106.535144417593983 1
58975.11679136044404 24106.535144417593983 11
58975.11679136044404 24106.535144417593983 119
58975.11679136044404 24106.535144417593983 13
58975.11679136044404 24106.535144417593983 15
58975.11679136044404 24106.535144417593983 16
58975.11679136044404 24106.535144417593983 18
58975.11679136044404 24106.535144417593983 19
58975.11679136044404 24106.535144417593983 197
58975.11679136044404 24106.535144417593983 20
58975.11679136044404 24106.535144417593983 22
58975.11679136044404 24106.535144417593983 23
58975.11679136044404 24106.535144417593983 24
58975.11679136044404 24106.535144417593983 244
58975.11679136044404 24106.535144417593983 26
58975.11679136044404 24106.535144417593983 27
58975.11679136044404 24106.535144417593983 28
58975.11679136044404 24106.535144417593983 31
58975.11679136044404 24106.535144417593983 32
58975.11679136044404 24106.535144417593983 33
58975.11679136044404 24106.535144417593983 37
58975.11679136044404 24106.535144417593983 38
58975.11679136044404 24106.535144417593983 4
58975.11679136044404 24106.535144417593983 40
58975.11679136044404 24106.535144417593983 41
58975.11679136044404 24106.535144417593983 458
58975.11679136044404 24106.535144417593983 5
58975.11679136044404 24106.535144417593983 50
58975.11679136044404 24106.535144417593983 6
58975.11679136044404 24106.535144417593983 67
58975.11679136044404 24106.535144417593983 7
58975.11679136044404 24106.535144417593983 74
58975.11679136044404 24106.535144417593983 77
58975.11679136044404 24106.535144417593983 8
58967.093200640927535 24106.456717752655095 59
58963.730933993734652 24106.423856417841307 62
58959.45168548397487 24106.382035611066385 97
58953.491303539776709 24106.323790259542875 62
60514.102236662904033 24130.557801029790426 3
55322.364332925593772 24422.008290997771837 3
55227.428367953660199 24524.526316964005673 1
55226.048434949829243 24683.041752347562579 1
59341.30715214733209 23946.594165917180362 0
60756.403905471706821 25638.245144001790322 2
60936.793468122181366 25781.251934372812684 1
61867.384001559468743 26817.946838545467472 1
36977.723546950284799 19321.413403867860325 0
63206.823279937729239 27873.514123516539257 1
63097.637701442130492 28379.312762169516645 1
64708.872814951289911 30177.922282727035054 0
63583.778131094397395 32516.678804141887667 9
65135.214764141310297 33134.608306815440301 1
65737.552329135040054 33263.750112338733743 1
65737.552329135040054 33263.750112338733743 3
65737.552329135040054 33263.750112338733743 7
65547.845692445567693 33360.458547176604043 2
65703.024099119051243 33384.202418674525688 13
65703.024099119051243 33384.202418674525688 6
65954.353834512905451 33399.246903581464721 3
65954.353834512905451 33399.246903581464721 37
65758.886465504081571 33412.731865558169375 0
65691.70945289946394 33415.334071573881374 0
65558.537776875295094 33445.011555625242181 1
65558.537776875295094 33445.011555625242181 3
65836.277129932685057 33495.920526075744419 1
65836.277129932685057 33495.920526075744419 20
65836.277129932685057 33495.920526075744419 54
66316.98797286390618 33508.789015228772769 3
66316.98797286390618 33508.789015228772769 7
66316.98797286390618 33508.789015228772769 8
65929.003092551938607 33534.657792861537018 1
66003.964170807274058 33545.706597252254141 1
66003.964170807274058 33545.706597252254141 16
65755.325954715633998 33551.864396097647841 11
65755.325954715633998 33551.864396097647841 14
65755.325954715633998 33551.864396097647841 16
65755.325954715633998 33551.864396097647841 22
65755.325954715633998 33551.864396097647841 3
65755.325954715633998 33551.864396097647841 8
65755.325954715633998 33551.864396097647841 9
65755.300075653925887 33551.858554965394433 1
66655.834666532260599 33586.014266376878368 0
65828.767465449418523 33594.706472749814566 1
65828.767465449418523 33594.706472749814566 5
65638.427981156128226 33594.694932698716002 1
67732.920704595249845 33640.831067992614408 0
65784.002179398885346 33644.205067803595739 1
68336.931351767139859 33841.650454419388552 1
71195.464143051271094 33987.824004056790727 6
68487.173768475520774 33981.211644026181602 3
68597.702386392484186 34056.955496813025093 1
68363.068814209647826 34092.086666018672986 0
66731.755387095035985 34257.671667245755089 0
66682.280427883568336 34432.332108404392784 3
66706.661855927857687 34503.752735766742262 2
66755.291631971078459 34589.894671366266266 2
66736.897564193874132 34597.472917018145381 1
66732.947355007912847 34609.658161979190481 2
66936.308118330009165 34664.115079481183784 1
66936.308118330009165 34664.115079481183784 3
66936.308118330009165 34664.115079481183784 7
66936.338679958775174 34664.110972239635885 2
66718.028680545990937 34716.2188387832648 1
66710.40075394800806 34716.134339395437564 2
66717.25351124383451 34717.321980151027674 1
66711.101668999996036 34721.700747673232399 2
66687.430374963209033 34723.662041830342787 1
66724.106265825641458 34718.509628703206545 1
66713.315789116066298 34728.395647270488553 4
66914.683310437510954 34880.585275702484068 5
66914.683310437510954 34880.585275702484068 8
66914.696215483752894 34880.590977740110247 1
69499.676523181115044 34946.23306341584248 0
66691.565728702713386 34955.28096509486204 1
65778.822259712353116 35002.718434982110921 1
66498.738750506890938 35090.669461455807323 8
66039.924155503496877 35122.307481451556669 2
66431.825266957777785 35139.958725433258223 4
66476.777533023996511 35144.901699970912887 1
66652.338572490698425 35181.325890176100074 4
66652.338572490698425 35181.325890176100074 5
66737.358921456179814 35377.911871374410111 1
66813.427883002412273 35557.583790459211741 3
65964.684543333394686 35581.738173900070251 1
71239.185646341589745 35655.948722876892134 2
83018.833590053924127 36043.978721630977816 0
68976.058127003037953 36117.984181841355166 0
70358.198833124391967 36173.999123343121028 21
70358.198833124391967 36173.999123343121028 29
82907.314956117334077 36385.978175040720089 0
69001.521302374982042 36357.298936204213533 20
69001.521302374982042 36357.298936204213533 70
82854.933063381016837 36864.428850202530157 0
70490.088751232455252 36295.609493273317639 1
82753.754941007471643 37248.931700703615206 0
82753.527743004800868 37248.817400609652395 0
82663.992606944681029 37652.49299673292262 0
82664.071916217159014 37652.271732338631409 0
82586.747901195310988 38061.452635393157834 0
69875.280611935639172 38145.044493673158286 1
82514.658492748741992 38312.835212037098245 0
71078.068073343980359 38240.285217529344663 0
70643.079863238104736 38467.517714055655233 0
70118.552029365833732 38531.423521843375056 0
66781.342806299042422 30694.691557182915858 1
71551.886158756489749 38664.692568319485872 0
71221.004421706005814 38786.728184591091122 0
71069.30304616720241 38798.609265255538048 0
71273.26437674673798 38879.621428265294526 12
71273.26437674673798 38879.621428265294526 19
70586.740165373761556 38932.675827343919082 0
70794.57954488186806 38937.340644094758318 0
71480.866566502983915 39051.068470184065518 0
70309.993604140297975 39043.945433543194667 0
70104.125233061306062 39066.557888009323506 0
70483.259829973860178 39090.441843551147031 11
70483.259829973860178 39090.441843551147031 8
71685.775853603510768 39147.225757957123278 0
71726.220874149526935 39251.877999839984113 0
71203.226936563034542 39281.242915881914087 0
71191.867633572604973 39313.349037962449074 0
69979.704707547934959 39321.365685899319942 0
70720.700894067776971 39415.187619076270494 0
70713.678396740186145 39461.131170470624056 0
71469.834770779343671 39527.874995198813849 0
70238.12018377831555 39549.170133658277337 0
70237.741707369088545 39548.943367987849342 0
71846.149387365774601 39612.401762743887957 0
71578.496883904124843 39696.817394356636214 0
71345.845401077385759 39825.462404913632781 0
71095.918053151806816 39830.842296979491948 0
71654.457016901011229 39833.576473837165395 0
70533.053426452359417 39845.897118625347503 0
70488.810335374218994 39848.713892666011816 0
70910.518441852022079 39897.026703587252996 0
70495.632648599697859 39916.610007615032373 1
70413.692700889529078 39949.00279671606404 3
70613.285889752325602 39964.79385851391271 0
70613.210989929939387 39964.681805419138982 0
70359.294451455250965 39972.824755705602001 7
70393.511299119330943 39979.895402291585924 11
70393.511299119330943 39979.895402291585924 14
70474.282648654363584 39981.952623185541597 1
70395.022453693658463 39981.02482205034903 4
70530.508937879436417 39997.064060895485454 1
70409.963884447846795 40006.769679826262291 2
70415.220176868897397 40013.501634250242205 7
70406.797683104101452 40016.738297311749193 2
70384.657174796215259 40019.814489551470615 2
71533.091716784430901 40038.916677932240418 0
71533.091716784430901 40038.916677932240418 2
70389.926563395682024 40025.434834219442564 14
70612.39748861627595 40033.600211425407906 1
70413.447352915260126 40034.603962285720627 5
70513.205196630951832 40042.442635904313647 1
70516.792985879568732 40061.38427910702012 0
70355.962220223242184 40061.725042477963143 1
70355.962220223242184 40061.725042477963143 6
70406.208955263675307 40066.759742524431203 1
70350.575180000450928 40066.10901768617623 3
70333.612792744475883 40082.586827460741915 8
71734.303923130239127 40103.569791439382243 0
70479.871336140611675 40089.856950849280111 1
70543.086584978795145 40093.932977598436992 2
71953.713748104142724 40112.415370445465669 0
70436.235110118621378 40106.022089432110079 3
70379.012109774950659 40110.911197388777509 4
70382.796456502663204 40113.178944716521073 1
70386.489244173644693 40123.227808776093298 1
70382.417172372093773 40145.414990301018406 18
70386.976671339769382 40146.580067110015079 3
71105.579660967152449 40159.476293815372628 0
70373.864107122499263 40159.767577664897544 10
70418.631401684804587 40176.967455994104967 8
70351.358093182381708 40193.968351922216243 26
70351.331946728256298 40196.191527699425933 10
70605.015959394178935 40206.945224494615104 0
88183.005464167086757 40450.906954232872522 1
70495.78840624858276 40226.787563333680737 2
70368.506950547540328 40226.409369533219433 7
71471.083458146851626 40246.409307420646655 0
71150.983173911619815 40251.175911675833049 14
71150.983173911619815 40251.175911675833049 18
70499.402322085035848 40243.506022931018379 1
71086.977376599534182 40313.78867772538797 0
72368.980071278390824 40375.765260381907865 0
70230.923962224260322 40389.33947897615144 0
70188.071189130976563 40468.884744122813572 0
70187.309133647344424 40468.875854238067404 0
71920.806023644792731 40503.800610105019587 0
72322.885182635000092 40531.967085324205982 0
71488.653802329150494 40632.059479521194589 0
71831.81891748966882 40666.052763005820452 0
71363.764224321465008 40796.004212399537209 0
71901.302521673991578 40984.952877286428702 0
75317.978828317383886 42543.188977177036577 7
75317.978828317383886 42543.188977177036577 9
98869.254615778016159 42960.961698840474128 1
76193.409825819951948 43021.152947499365837 1
74367.113096224420588 43033.868293442064896 17
74367.113096224420588 43033.868293442064896 7
92833.188043761372683 43317.258306060626637 0
92608.665620444604428 43411.189992488711141 15
74582.952970109588932 43258.891611726823612 1
97018.364578688313486 43858.067914862505859 1
93189.614375089833629 43861.994500116030395 2
95675.856110067747068 44549.336525908380281 0
77338.037841230805498 44466.597466595630976 1
97320.606453178595984 44804.657991996398778 0
77605.821387715666788 45007.250432032364188 0
96847.418864149629371 45371.045321539575525 0
77353.776740041997982 45239.139382779510925 0
77353.924708436912624 45239.474814683184377 0
79193.883554942513001 45640.319708937400719 1
77334.905533767057932 45708.392837682280515 1
101358.21809769545507 46194.44862922054017 1
102143.11238695355132 46340.043789165865746 1
98291.081875379109988 46910.292206339916447 8
91998.193497690663207 46829.196131749951746 3
99358.103653001104249 47048.952343972865492 0
96021.594671284678043 47101.524208661081502 4
98893.331357446208131 47248.159096278599463 1
98719.38318656408228 47638.141488050707267 1
93241.950920570627204 47550.653100489449571 16
97252.306021092852461 47890.319130691088503 14
96137.155362240009708 48104.372386712333537 6
97679.916892529217876 48430.927141748761642 6
81785.740514283301309 48444.447757300775265 1
97768.315041519424994 48688.082837944268249 40
97670.057173757668352 48816.197011544383713 19
97670.057173757668352 48816.197011544383713 2
98275.474807458056603 48859.424395012691093 10
97873.079331733926665 48875.091856027589529 4
98701.667056875958224 49307.136629968794296 0
98727.802285222016508 49506.137198879747302 22
99443.231655504598166 49884.839415496535366 1
101535.96647472369659 50112.566576196615642 1
100592.71486616664333 50165.258613629433967 14
100914.10441245150287 50659.853787292588095 30
98897.481210777041269 50592.953885663315305 7
98897.252995116374223 50592.950127798707399 1
99148.376981455643545 51415.391705823109078 3
84278.571438010490965 51243.89279650394019 1
81972.561143931307015 51354.281752465860336 1
99671.387225724989548 51714.458069892789354 5
99761.256168417341541 51895.065358043066226 3
96969.754217594207148 52390.458076565613737 40
98866.749741627310868 52445.521177875023568 10
98866.516064582698164 52445.850876715485356 2
83028.611386068689171 52496.131370974107995 1
85526.717319801391568 52593.455153648807027 1
97886.000915515571251 52980.136068106337916 4
97884.558264730425435 53067.946275174123002 1
97880.335719003895065 53324.954536430552253 1
97880.335719003895065 53324.954536430552253 4
97880.335719003895065 53324.954536430552253 6
97880.335719003895065 53324.954536430552253 7
99168.743372864977573 53345.852736767497845 10
99168.743372864977573 53345.852736767497845 6
99168.743372864977573 53345.852736767497845 7
95960.881324479123577 53473.091433027599123 4
84208.550448984955437 53775.546588393728598 2
96617.387606697186129 54026.559046129390481 5
97993.345818866902846 54058.12885468868626 1
90098.00329713166866 55974.578581423520518 1
96643.90230282524135 56608.993856440691161 1
96452.400215006200597 56699.304906268393097 1
96430.131171450440888 56760.096852387119725 1
92411.949877851206111 57160.485111984729883 0
92113.021220858587185 57518.336119093117304 0
128171.50240559397207 103962.83984079452057 1
-556418.88581396045629 144255.35096829311806 1
-560309.51407636748627 146889.01337013643933 1
-564081.87242973863613 152015.89467931218678 1
