-891004.41328250104561 -442386.25514521752484 0
-908708.82111003040336 -428110.02759417757625 0
-907987.89760598621797 -423275.77820293500554 3
-905389.98879928968381 -416005.57753984990995 1
-891711.90688036463689 -403768.85721502650995 1
-893025.36295127519406 -403305.96890475170221 2
-893025.36295127519406 -403305.96890475170221 3
-891285.91707460023463 -402058.47319883015007 1
-891285.91707460023463 -402058.47319883015007 4
-894173.28881417890079 -401561.79336106718984 1
-823627.0671109118266 -399746.524488814699 1
-614868.89624219527468 -373427.39694443775807 0
-566200.19735369819682 -369048.3788673490053 0
-555180.7324705052888 -364864.57280217728112 1
-563527.92044777772389 -361401.5286494505126 0
-561725.35061620012857 -359936.58013841701904 1
-568377.21344533935189 -358498.2994267490576 0
-566686.21689020690974 -345043.82599350507371 0
-567415.28511389729101 -342968.90161488985177 0
-94611.893580440519145 -118629.74912588378356 1
-94304.975004445936065 -118449.18422573732096 1
-276823.55659762735013 -111501.95312209727126 2
-274346.8151916761999 -111557.09628127384349 10
-341573.36994031933136 -115830.2091340336774 1
-276099.62530756258639 -111323.09039268604829 1
-317960.20714160753414 -104264.25950034563721 1
-320095.57137794565642 -103997.76884946269274 1
-320085.36585952382302 -103798.00961264167563 2
-320085.36585952382302 -103798.00961264167563 3
-320093.85656880598981 -103352.47797628195258 3
-320093.85656880598981 -103352.47797628195258 4
-320093.85656880598981 -103352.47797628195258 5
-320093.85656880598981 -103352.47797628195258 6
-320092.72241369390395 -103330.28246018470963 3
-320092.72241369390395 -103330.28246018470963 5
-180813.39459116847138 -104103.43915252370061 1
-180813.39459116847138 -104103.43915252370061 2
-112323.59526466963871 -105428.07951714382216 0
4024.095905524736736 -105728.14520267107582 1
4024.095905524736736 -105728.14520267107582 3
3959.4965872259745083 -105526.37899051132263 1
-358965.5821064930642 -94744.35309918076382 1
-358965.5821064930642 -94744.35309918076382 2
-110247.6635662157496 -104124.27500636733021 1
-111302.66832623477967 -104008.82812493926031 2
-241672.27832802478224 -99635.283189250592841 1
-111482.38791302367463 -103188.65391527110478 1
-111436.24039558577351 -103095.01464191221748 1
-109244.78620454216434 -102587.43802606739337 1
-330.20364419772886322 -102047.09404999426624 2
-111108.55720018580905 -99888.45254530456441 1
-109833.2720099807193 -98108.410566727005062 10
-358563.02091882500099 -86233.574920486804331 0
-358563.02091882500099 -86233.574920486804331 1
-6645.6495865385277284 -95667.937207838825998 2
-87591.944025018092361 -92259.132134346757084 2
-107040.08880649865023 -89581.90864499557938 6
-352879.69553778506815 -78677.842490060109412 1
-352797.20859527454013 -78142.038328122915118 18
-352797.20859527454013 -78142.038328122915118 19
-110031.26969040917174 -86961.568653944399557 1
-352749.56018645100994 -77742.704991882637842 37
-353304.58022277068812 -77209.00870432073134 118
-87666.759976171073504 -86717.781071931298357 1
-353165.4854139512754 -77002.075496582518099 6
-107655.94178702909267 -82295.752894405726693 30
-14029.167275451349269 -82656.033705963753164 2
-14077.742457495547569 -82643.697338350961218 1
-14114.266506791220309 -82632.499681404427974 1
-14114.266506791220309 -82632.499681404427974 3
-85414.448910043691285 -81646.951727527426556 1
-97438.820053214338259 -79870.702722072572215 2
-106353.47255919840245 -79333.512184363789856 19
-84324.160133041339577 -79354.6902922000736 1
-17805.834136306373694 -78833.954399267706322 2
-96078.575758763225167 -78025.458665870828554 1
-95970.785359865738428 -77990.465550334163709 1
-95844.851269796796259 -77937.969629695551703 1
-95892.177830787753919 -77932.783896200358868 1
-95864.21162638028909 -77883.202272764523514 2
-95881.760236863075988 -77811.790242732735351 2
-95758.441105711666751 -77727.017406086320989 2
-95067.794892026344314 -77234.238346488942625 1
-94930.616260363953188 -77156.333002276151092 1
-94865.031526831095107 -77085.098416949593229 1
-94859.945687592757167 -77057.388879431120586 1
-94831.80456320704252 -76995.578476420720108 1
-106813.62415768874052 -76413.122759835066972 62
-105706.72456807256094 -76226.218203183321748 269
-94238.884530072100461 -76276.666436607003561 1
-94201.076730066401069 -76242.789886701590149 1
-94081.881484444864327 -76119.016812318441225 2
-94103.428116972689168 -76105.347866339667235 1
-94055.507585560015286 -76070.514066405594349 1
-94062.464552029443439 -76068.184303429356078 1
-94009.040022258384852 -76028.988444701215485 1
-93978.158171279836097 -75990.558236796787241 1
-93932.300169462570921 -75937.907399401679868 1
-93841.833829713927116 -75863.708415770815918 2
-107073.33133472788904 -75424.856558834595489 254
-168260.34420071332715 -72963.236488009715686 1
-361825.20838319679024 -64580.492669898223539 1
-361825.20838319679024 -64580.492669898223539 3
-83961.609201144470717 -73308.195818053238327 1
-84133.289058610913344 -73244.041678488458274 1
-84133.289058610913344 -73244.041678488458274 2
-84133.289058610913344 -73244.041678488458274 3
-84133.289058610913344 -73244.041678488458274 4
-84133.289058610913344 -73244.041678488458274 5
-84133.289058610913344 -73244.041678488458274 6
-84133.289058610913344 -73244.041678488458274 7
-84024.191776115592802 -73152.948863980564056 3
-83915.097647545466316 -73061.854079069074942 1
-84130.776043863268569 -73058.89766520113335 3
-83976.919081031999667 -72844.817571294290246 3
-83954.919467329600593 -72814.329931694403058 1
-83975.246146071469411 -72721.350989587779623 1
-83975.246146071469411 -72721.350989587779623 3
-365774.62883250042796 -62264.955627147770429 2
-84270.369945229642326 -72223.341692958056228 2
-377089.26299890462542 -60543.676409809217148 9
-359654.47059261915274 -61475.32421218536183 1
-84374.831247281763353 -71387.707713825511746 65
-32783.635896418323682 -70646.479427229525754 2
-371846.43944587127771 -58802.891162252919457 111
-376231.31355375854764 -58254.440768697328167 1
-376231.31355375854764 -58254.440768697328167 2
-376939.60338202421553 -57635.505372517371143 4
-376939.60338202421553 -57635.505372517371143 5
-376940.33709169877693 -57520.321861683965835 1
-376940.33709169877693 -57520.321861683965835 2
-376940.33709169877693 -57520.321861683965835 3
-376890.9711254791473 -57545.640454466927622 24
-376890.9711254791473 -57545.640454466927622 25
-377252.78588555689203 -57328.423454537456564 5
-377252.78588555689203 -57328.423454537456564 6
-377261.95673295401502 -57322.289023061384796 7
-377261.95673295401502 -57322.289023061384796 8
-89646.4742241318163 -68157.854368516564136 3
-33061.322641249171284 -68157.687232530792244 10
-376441.56903919624165 -56476.331322637553967 12
-84286.088503585895523 -65461.23059681119048 1
-84041.223687035613693 -64878.034493518505769 1
-83909.038199239890673 -64663.65205459290155 1
-103467.27814461407252 -63998.470539246671251 2
-103641.49122228368651 -63922.935323183672153 1
-83656.029687280402868 -61888.237612277138396 1
-37534.410820549965138 -61610.279851654588128 24
-82376.750305135938106 -56378.684420407211292 1
-81835.93520212805015 -54533.28847516055248 1
-81537.218103259088821 -53086.115747638381436 1
-80949.505172947057872 -52538.140410275445902 7
-81096.274812871968606 -52258.298479126533493 0
-85610.794208221530425 -49318.884998229812481 26
-85610.794208221530425 -49318.884998229812481 46
-840773.08414090157021 22145.105105020196788 0
-840773.08414090157021 22145.105105020196788 5
-840772.24235616822261 22413.228806473489385 1
-840591.45146203518379 22904.104178129869979 5
-46851.733376872252848 -31019.683807235454879 2
-46237.837302875108435 -30699.350886859567254 1
-46193.875032216783438 -30545.286028961229022 3
-45634.617260960963904 -30240.706769680633442 1
-47069.606887581780029 -30229.780438176985626 2
-46468.558708576209028 -30049.097319183543732 3
-45723.138825687827193 -30044.84882326054867 1
-45607.607658685490605 -29958.678647414970328 3
-45439.332637994892139 -29902.579466041195701 1
-46830.568148720893078 -29867.135862463517697 1
-45990.418387779478508 -29700.134473305366555 7
-47634.518747432550299 -29607.78979384151171 1
-47339.022205104585737 -29054.302172013874952 0
-46859.436865508680057 -29076.576903075467271 10
-46052.776072534295963 -28878.980418699466099 0
-46780.551462026851368 -28842.527924563983106 0
-45647.555543841721374 -28524.43618384392903 2
-45647.555543841721374 -28524.43618384392903 6
-46806.221533869407722 -28500.072987843479495 6
-47016.423557833775703 -28438.093485451885499 2
-48029.773829230609408 -28424.955874666549789 2
-48029.773829230609408 -28424.955874666549789 4
-48015.86686746947089 -28420.952735054182995 2
-48015.86686746947089 -28420.952735054182995 6
-47960.676728161648498 -28097.248442738367885 1
-854800.18629878200591 32357.663263519792963 1
-42427.895684326904302 -28040.741200800479419 1
-42482.929069012010586 -28018.236758826227742 0
-43164.177071106831136 -27997.880565447136178 0
-42454.217626050514809 -27990.647560381185031 0
-45695.594198215352662 -27701.501515187632322 3
-42769.42277058599575 -27652.742125833807222 0
-42709.057907734029868 -27617.595420402623859 0
-46757.172092451917706 -27530.033357505955792 1
-41247.053238014304952 -27554.761428631049057 1
-45837.464769026257272 -27502.571787612978369 1
-49236.496329314948525 -27412.656438875201275 2
-49236.496329314948525 -27412.656438875201275 7
-42832.277683694315783 -27383.296572744202422 0
-42786.698169685201719 -27368.055062040017219 0
-43307.569312360101321 -27239.87251071628998 0
-42926.549203857241082 -26979.126721045198792 0
-42876.426655268951436 -26975.033797603533458 0
-42450.241310462413821 -26941.3398824525284 94
-43038.603991358948406 -26585.1669374588746 1
-41773.366062572247756 -26254.396307304716174 4
-38797.222795033107104 -26119.705134783122048 2
-41151.442769726520055 -26073.333609225908731 1
-38238.231959356708103 -25721.851762191967282 1
-37913.14581967304548 -25075.388498224234354 1
-35532.375525527342688 -24163.479974265654164 1
-37241.465005892809131 -23720.958172602309787 0
-36598.151413112937007 -23477.869257597056276 1
-35982.755529360052606 -21443.665933556661912 5
-33910.169955889192352 -20269.847218640938081 1
-35877.659135245448851 -19455.979735319138854 0
-33253.001131585195253 -18765.046581155584136 0
-31731.458831821935746 -17629.907918784891081 1
-30494.996160787668487 -16850.453463488211128 5
-32305.560294694278127 -16481.936517291273049 3
-30055.110960852565768 -16455.138986698864755 7
-31132.261939807001909 -16079.884726822809171 1
-26546.636881889295182 -15625.006820735165093 1
-30009.470714967508684 -15202.926865954063032 1
-26663.663529430501512 -15192.194312693924076 1
-28944.579068164588534 -15177.526921331191261 1
-30721.299974099682004 -15102.769409298127357 1
-29056.787026190857432 -14369.080356501386632 1
-27950.550394587698975 -14317.581876028370971 1
-27950.550394587698975 -14317.581876028370971 2
-25345.106006693098607 -14055.785790399031612 2
-21823.343468593542639 -13905.838695795244348 1
-23039.327249906211364 -13892.898006752559013 3
-23581.983241216268652 -13686.169404946198483 2
-20685.257777658232953 -13625.254299241547415 0
-26206.718466468420957 -13554.131358120279401 1
-26206.718466468420957 -13554.131358120279401 2
-23516.253792362334934 -13511.903479699218224 1
-23516.253792362334934 -13511.903479699218224 3
-23516.253792362334934 -13511.903479699218224 4
-23326.890891999071755 -13480.064206071896479 0
-19748.909734976790787 -13397.271616422865918 1
-27228.702762166762113 -13337.095640066661872 1
-27228.702762166762113 -13337.095640066661872 2
-19722.218030071802787 -13180.930612031914279 2
-19722.218030071802787 -13180.930612031914279 3
-19722.218030071802787 -13180.930612031914279 9
-19926.237615000980441 -13142.025452260779275 0
-23809.845799998802249 -12962.740871188929304 6
-20634.346650746534579 -12966.361860776109097 1
-20634.346650746534579 -12966.361860776109097 2
-20634.346650746534579 -12966.361860776109097 5
-19913.072665339219384 -12878.620190719047969 0
-21641.35441327083754 -12835.021596382206553 2
-21641.35441327083754 -12835.021596382206553 6
-23243.492603521888668 -12784.523258169545443 0
-16863.603301457085763 -12757.57856850133976 19
-23226.545329789383686 -12675.429046252331318 2
-24623.442977484395669 -12629.46104902152365 1
-24623.442977484395669 -12629.46104902152365 2
-16357.851740256293851 -12587.887933088513819 0
-23423.266045337230025 -12408.444908638826746 1
-23194.400442953377933 -12210.013803402089252 0
-18391.403995131295233 -12197.343416212603188 1
-18391.403995131295233 -12197.343416212603188 5
-24101.203604838963656 -12115.551875584838854 1
-17160.25809672606556 -11923.0496183742016 1
-19758.48404614087849 -11800.208117799898901 1
-19758.48404614087849 -11800.208117799898901 2
-23640.159516086467193 -11778.104288384973188 0
-18461.383612212717708 -11773.389738157553438 1
-18461.383612212717708 -11773.389738157553438 10
-18461.383612212717708 -11773.389738157553438 3
-23683.786097909513046 -11689.45068445616198 1
-23683.786097909513046 -11689.45068445616198 3
-22179.439712363498984 -11535.953344868710701 1
-18268.766839785956108 -11271.3074816840126 4
-17316.832446154068748 -11106.024602368481283 10
-17316.832446154068748 -11106.024602368481283 5
-15649.736254669558548 -11088.765338238947152 2
-15649.736254669558548 -11088.765338238947152 7
-16435.992994023781648 -11033.885852497420274 13
-16435.992994023781648 -11033.885852497420274 3
-16435.992994023781648 -11033.885852497420274 8
-23221.168298190073983 -10945.686496498638007 1
-17220.347632024495397 -10502.478040301952205 10
-19184.425104570691474 -10496.58635755623618 2
-18005.45171889897756 -10477.856037958164961 4
-14525.435627283357462 -10478.624978608773745 2
-14525.435627283357462 -10478.624978608773745 8
-19314.785776419401373 -10427.253500368296955 0
-20524.209965895992354 -10315.457809812025516 1
-20524.209965895992354 -10315.457809812025516 5
-15556.733447457550938 -10189.386973019289144 11
-15556.733447457550938 -10189.386973019289144 18
-15556.733447457550938 -10189.386973019289144 6
-17240.570145720041182 -10126.36599799016949 3
-21798.306449261890521 -10076.466040379658807 0
-20373.306512222374295 -10029.506252242765186 1
-16523.855481339411199 -10018.645100402067328 3
-16523.855481339411199 -10018.645100402067328 6
-16523.855481339411199 -10018.645100402067328 8
-18085.809539236877754 -10001.295775742622936 1
-21022.842518869176274 -9692.0307146312970872 2
-14730.233240410268991 -9199.5680745542922523 11
-14730.233240410268991 -9199.5680745542922523 3
-14730.233240410268991 -9199.5680745542922523 6
-16789.575980246710969 -9145.0855440910600009 1
-16682.421491927121679 -8990.9794577941975149 1
-16784.304533142047148 -8961.4632611610431923 1
-15635.627406512474408 -8623.2703696155222133 7
-15356.500630071133855 -8566.513497511146852 3
-14057.442088846868501 -8249.0765907673630863 1
-14057.442088846868501 -8249.0765907673630863 4
-14057.442088846868501 -8249.0765907673630863 5
-13201.310599028280194 -7883.3929136861625011 1
-14875.708433511057592 -7637.298766588244689 1
-14928.867862502245771 -7636.9458315383963054 1
-14756.67095467249419 -7019.7590559068830771 2
-13348.334259004657724 -6652.3017284794350417 1
-13348.334259004657724 -6652.3017284794350417 11
-13348.334259004657724 -6652.3017284794350417 5
-12613.212078231485066 -6252.4741501463713576 1
-14091.649806066150632 -6006.7769726150199858 1
-14341.408463049127022 -5390.693616278727859 1
-14341.408463049127022 -5390.693616278727859 5
-14389.566778691532818 -5167.9241093853042912 3
-12794.649440231336484 -4844.9089243223816084 3
-14239.19672506603456 -4736.0851161437713017 1
-13736.672313917462816 -4613.7447044673554046 2
-13620.076526477694642 -3638.9022290085213172 1
-13620.076526477694642 -3638.9022290085213172 7
-12173.660401777302468 -3456.7853300623542054 1
-12173.660401777302468 -3456.7853300623542054 2
-13982.571469280270321 -3398.9689304933717722 2
-13982.571469280270321 -3398.9689304933717722 3
-12124.916490593765047 -3381.9603761158673478 1
-13917.443147279664117 -3185.4667902493347356 2
-12257.915843058843166 -2945.2737035103764356 1
-12257.915843058843166 -2945.2737035103764356 2
-12908.679806420850582 -2898.6798684019931898 1
-13304.128567213054339 -2397.5983419788931315 2
-12804.754599263314958 -2176.3511990453380349 14
-12985.90844820453276 -1898.6177442295770561 5
-12985.90844820453276 -1898.6177442295770561 6
-11454.092139452226547 -1577.6711571940986687 0
-13065.081664086410456 -1492.4855025832007414 1
-13065.081664086410456 -1492.4855025832007414 12
-13058.98154003165655 -1403.902847477387013 15
-12888.187065873837128 -1311.5597635740502938 10
-12631.444717008162115 -849.00097042425932159 1
-14038.01032421544005 -753.19615808151149849 1
-13505.102809619234904 -723.50457950530505968 3
-12360.238393556513984 -724.39227145636425576 0
-13931.362145634580884 -691.74755265654710001 1
-17933.910939424706157 -582.3981779799709102 17
-17933.910939424706157 -582.3981779799709102 7
-17879.784151033658418 -571.99777895157399143 1
-23517.963160400118795 1091.69310483373647 1
-11314.683323903878772 1155.5348054556156967 6
-9489.8623807491730986 2067.2640525383940258 0
4674.6310030067425032 5199.7431346863213548 1
4899.212192591812709 5234.3811443526692528 1
4896.8629474553627006 5295.5186388020956656 2
4606.8692778638051095 5596.5414979336492252 1
2833.1083863803623899 5598.7860887507740699 5
3351.236693630492482 5962.8860134769320211 2
2086.3178675912722611 6139.8444545184302115 11
1264.6463660900749346 6239.9968293665551755 1
2435.5948144521221366 6333.0645031430685776 1
-1812.6282017182620621 6345.4072109399276087 1
1888.5357317278708251 6494.4995938344018214 5
1962.7964552545029164 6511.0864692641844158 5
2057.8242939870142436 6534.5733713835761591 6
2157.4543094462978843 6545.6131821021226642 34
1998.8067037663577139 6545.5586969338482959 1
2204.2022930906196052 6554.5230475028438377 34
2204.2022930906196052 6554.5230475028438377 7
1940.4768509552686737 6563.5480696664126299 1
2214.6980705895889514 6565.6431514383302783 4
2125.3314984393914528 6574.2817945499500638 5
2214.923920871118753 6576.7595058093647822 111
2224.8811085888519301 6593.4375666649930281 10
3022.6973592421654757 6621.5741941065871288 1
2178.1936345244657787 6630.2154416288340144 7
2445.5875717822755178 6640.2110882513752586 122
2445.5875717822755178 6640.2110882513752586 19
2434.0915486507892638 6640.206452846628963 3
2093.8030961401682362 6657.8651706840410043 1
2534.478498144119385 6668.0383511489617376 11
2534.478498144119385 6668.0383511489617376 56
2098.3964755375254754 6672.3179169222985365 2
2350.5295738410254671 6702.4245464102041296 4
2197.2472042047297691 6712.3715899330927641 1
2507.6319715284339509 6722.4969077041832861 42
2633.3181748173187771 6726.9968106429678301 112
2660.9077444870126783 6728.1205079562132596 12
2239.3917853332573031 6731.2847066488675409 1
3435.9370651192984951 6765.8616553380661571 2
5167.6218699390656184 6903.1560447819510955 2
5266.5399501613828761 7014.1818220492077671 1
4291.482391313739754 7157.0340353364354087 3
4521.2826975141806543 7291.4861083496653009 1
3142.4603475111061925 7703.2494164723084396 1
6159.6377246986176033 8003.152246560202002 4
6106.0701568870990741 8011.2128395828585781 4
5265.625134774462822 8064.0034778962226483 3
5644.3494637087624142 8494.3235563073194498 3
6797.3714794526185869 8683.1526248508125718 2
4397.3137383894136292 9156.9321233042246604 1
10257.420405177379507 10176.284799692388333 1
5815.612365671076077 10457.628012280136318 1
9208.3469721668479906 10592.793159365406609 0
8900.5882247896133777 10969.732309237899244 0
6891.7607138740186201 11099.060023042324246 3
24875.905899501121894 11355.181974738809004 1
25639.609685016330332 11364.486387645980358 2
25043.58030488406439 11973.392547940999066 3
25553.616030992925516 12068.238089328790011 4
27276.175900423491839 12137.461033616385976 7
23809.121315343600145 12153.71588522793536 1
28573.356209124365705 12205.260604919383695 5
25067.449447802144277 12199.822368666887996 5
23971.666038984301849 12215.387505776699982 2
29762.859733048557246 12519.816024936922986 1
9040.9823867041232006 12647.733127640267412 1
26869.427950237211917 12722.366670656731003 1
21934.081851880975591 13072.954426124695601 2
31070.320442168736918 13142.58297869688613 0
31673.409122071559977 13208.855025458376986 1
22850.362390994650923 12582.334143653832143 1
10743.731470614922728 13355.743053609068738 2
10778.938763401056349 13360.25229392195979 7
20616.921900498557079 13621.472070719566545 2
21093.715259946060542 13657.578287317166541 0
25007.671621434659755 13874.825568530373857 3
30223.928436942165717 13989.816316948272288 0
25544.985139505814004 14106.183416860149009 2
23083.571165416877193 14385.19737737746982 3
24084.687780795353319 14400.220851582143951 1
20388.175650704892178 14484.443807971843853 1
24990.514603891730076 14505.281209808301355 2
24097.400769967309316 14532.55758206664359 1
12764.916515132483255 14632.724429814083123 0
13445.300765243981004 14653.876022249472953 1
25055.51292387770809 14704.313086881616982 1
23203.302167067016853 14837.87392654114592 1
27980.966442831107997 15002.845518545571394 1
22182.655635788902146 15012.126744553523167 8
22182.093726047340169 15019.239221777857892 1
19408.845135942938214 15074.837396149045162 1
33066.484776900157158 15130.807576652117859 1
18482.808038888630108 15068.598912407673197 1
29886.681676337077079 15158.709059264783718 0
11927.061809545833967 15397.823007090868487 1
21258.905620625271695 15440.125032214971725 1
21266.453274121173308 15448.266615223412373 1
13122.387447529728888 15425.868574068557791 1
35742.149009867476707 15640.0639108181349 1
22824.134480904162046 15587.014299384009064 1
31533.108667681430234 15647.53428021416039 1
16468.420463905691577 15637.492966023844929 1
24553.216440785370651 15693.842001062686904 2
27823.835239031010133 15716.911921763145074 1
25922.056210483366158 15742.914252131053217 1
24618.05361703804374 15745.241719284884311 3
24419.671593259256042 15790.014266295595007 0
17609.013003348147322 15779.665183289998822 3
17535.540339551022043 15782.786424898906262 1
24445.531795878665434 15829.02657860960062 1
24356.643804470775649 15858.682114975485092 0
21114.341742515156511 15855.374104189035279 1
24415.462673861609801 15884.487468184746831 1
16930.014605399213906 15859.986075244756648 3
14356.458982048450707 15922.022142421184981 5
14350.400526814562909 15959.692473107710612 2
14396.728930755311012 16010.160160357849236 2
20112.821678554901155 16032.043789749342977 7
17098.125860957890836 16052.662937073077046 4
20180.10927097284366 16093.075263482955052 1
29606.87809494540852 16186.722785053780171 1
36780.146374702497269 16233.028429274243535 1
13600.427757284563995 16221.750669384859066 2
16215.424009301661499 16377.1640591175601 0
15239.780808600517048 16397.968596825892746 1
18882.691094870177039 16413.815085978279967 9
15439.124704541754909 16480.514160727492708 7
16459.38431431585559 16452.304055639859143 1
18605.717365615506424 16582.037151237080252 3
30885.77087131458029 16736.725386111018452 1
13971.843198622802447 16785.757263086121384 13
17954.129869990472798 16810.065109504936117 4
14039.707845033863123 16851.946311725401756 1
19773.603019541671529 16894.562777503819234 129
19773.603019541671529 16894.562777503819234 159
19773.603019541671529 16894.562777503819234 185
19773.603019541671529 16894.562777503819234 257
19773.603019541671529 16894.562777503819234 337
19773.603019541671529 16894.562777503819234 72
19548.950102222199348 16947.301822939516569 1
14091.503543452257873 16951.003315442583698 28
39983.015951460714859 17241.537135034919629 2
17222.508112994692056 17164.662264988841343 3
16965.922150484231679 17239.63926407656254 12
12955.483435135502077 17238.599290304337046 1
15368.028937944871359 17415.449119420332863 0
16243.910623530857265 17532.463094036473194 19
15516.80075431935802 17574.794901391338499 24
18228.914135003047704 17785.802896132194292 1
32441.91884362402925 17897.672069376705622 1
35027.180916659839568 17951.909824497539375 10
14730.312359570683839 17908.542772783453984 1
14730.312359570683839 17908.542772783453984 3
16425.044569925172254 18074.102789088308782 1
33817.513245171525341 18552.204512098895066 1
35507.916084498363489 18817.589845073031029 1
37406.627878932842577 18892.417990074798581 1
45511.562286084415973 19658.42614368883369 1
48671.947364347688563 20269.821579661933356 1
42635.940665983129293 20749.108582697452221 5
49978.711036146189144 20835.451226569333812 0
42620.457850898295874 21197.004099391939235 1
49941.986847789630701 21943.497593450782006 0
51372.269361360878975 22453.761262314870692 4
48459.801524683323805 22588.420107167894457 8
48581.964816994252033 22700.570809145614476 2
52549.515537703526206 23185.162687643427489 1
60326.067010385253525 23701.468716600109474 41
60407.445702216093196 23741.192623657265358 1
60527.75230542907957 23785.754863781738095 26
60512.311872112593846 23801.163868090214237 1
60505.389430215982429 23805.541267338514444 32
60563.784036976416246 23850.595393670941121 40
60588.125856699072756 23861.95684968947171 20
60525.440639825174003 23863.551093432761263 4
60530.01453350715019 23864.70868540884112 16
60544.589931088856247 23859.296400565352087 18
60547.501134824538894 23873.777794098121376 3
60648.350375584428548 23877.014115271034825 2
60632.280199342203559 23879.07600931799243 1
60632.280199342203559 23879.07600931799243 10
60632.280199342203559 23879.07600931799243 11
60632.280199342203559 23879.07600931799243 12
60632.280199342203559 23879.07600931799243 13
60632.280199342203559 23879.07600931799243 15
60632.280199342203559 23879.07600931799243 16
60632.280199342203559 23879.07600931799243 2
60632.280199342203559 23879.07600931799243 23
60632.280199342203559 23879.07600931799243 24
60632.280199342203559 23879.07600931799243 3
60632.280199342203559 23879.07600931799243 4
60632.280199342203559 23879.07600931799243 40
60632.280199342203559 23879.07600931799243 5
60632.280199342203559 23879.07600931799243 6
60632.280199342203559 23879.07600931799243 7
60632.280199342203559 23879.07600931799243 8
60632.280199342203559 23879.07600931799243 9
60554.289187559690617 23882.739567849479499 7
60580.282447467543534 23881.888800886968966 0
60580.282447467543534 23881.888800886968966 8
60538.916082550211286 23891.478942927991739 35
60635.888095502814394 23900.234687162515911 31
60598.353844165729242 23908.751229763445735 1
54575.535298851013067 23884.393738505168585 1
60537.637058082967997 23942.604591058850929 31
60536.839310698531335 23945.931705051683821 14
60598.636261683743214 23956.55743534758949 35
60509.791293180984212 23975.676437066911603 24
60603.839782326489512 23971.061883899121312 40
60685.527099708444439 23979.664925820376084 0
60504.263145704142516 23993.408294122535153 1
60610.437134865002008 23998.92081589159352 5
60414.811236126333824 23996.958716133514827 1
60429.904577839995909 24016.008876813662937 6
60456.482562773817335 24032.950736586477433 8
60623.046825120458379 24036.845524448232027 4
60534.382031365021248 24038.178664725077397 7
60392.226181740290485 24038.977426714496687 6
60477.845476950256852 24036.499962271642289 5
60413.522093261490227 24049.195990060434269 9
60528.887436882207112 24052.57571835831186 13
60399.733760401679319 24052.393054215310258 1
60366.763401086587692 24063.180130025200924 2
60509.559766062142444 24074.615966479461349 1
60426.919407512032194 24084.904754075483652 8
60500.233315275414498 24090.086321682923881 1
60523.664646587363677 24115.890580708906782 2
58975.352776582811202 24107.338199738929688 1
58975.352776582811202 24107.338199738929688 11
58975.352776582811202 24107.338199738929688 119
58975.352776582811202 24107.338199738929688 13
58975.352776582811202 24107.338199738929688 15
58975.352776582811202 24107.338199738929688 16
58975.352776582811202 24107.338199738929688 18
58975.352776582811202 24107.338199738929688 19
58975.352776582811202 24107.338199738929688 197
58975.352776582811202 24107.338199738929688 20
58975.352776582811202 24107.338199738929688 22
58975.352776582811202 24107.338199738929688 23
58975.352776582811202 24107.338199738929688 24
58975.352776582811202 24107.338199738929688 244
58975.352776582811202 24107.338199738929688 26
58975.352776582811202 24107.338199738929688 27
58975.352776582811202 24107.338199738929688 28
58975.352776582811202 24107.338199738929688 31
58975.352776582811202 24107.338199738929688 32
58975.352776582811202 24107.338199738929688 33
58975.352776582811202 24107.338199738929688 37
58975.352776582811202 24107.338199738929688 38
58975.352776582811202 24107.338199738929688 4
58975.352776582811202 24107.338199738929688 40
58975.352776582811202 24107.338199738929688 41
58975.352776582811202 24107.338199738929688 458
58975.352776582811202 24107.338199738929688 5
58975.352776582811202 24107.338199738929688 50
58975.352776582811202 24107.338199738929688 6
58975.352776582811202 24107.338199738929688 67
58975.352776582811202 24107.338199738929688 7
58975.352776582811202 24107.338199738929688 74
58975.352776582811202 24107.338199738929688 77
58975.352776582811202 24107.338199738929688 8
58967.329185869122739 24107.259772769502888 59
58963.966919224374578 24107.226911307086993 62
58959.68767071772163 24107.185090337916336 97
58953.727288777852664 24107.126844760194217 62
60514.338220408601046 24131.360914727327327 3
55322.600306975349667 24422.811207399441628 3
55227.664338009300991 24525.329229706014303 1
55226.284398782911012 24683.84466496009918 1
59341.54314352239453 23947.39723521151609 0
60756.639829940875643 25639.048266147136019 2
60937.029386912559858 25782.055063285475626 1
61867.619879309400858 26818.750002195254638 1
36977.959726071771001 19322.215621585717599 0
63207.059115745156305 27874.317337339940423 1
63097.873517422573059 28380.115971576997254 1
64709.108559675354627 30178.725552091796999 0
63584.013784330614726 32517.482029471804708 9
65135.450392509723315 33135.411590464042092 1
65737.787952198385028 33264.553418687341036 1
65737.787952198385028 33264.553418687341036 3
65737.787952198385028 33264.553418687341036 7
65548.081311779693351 33361.261846286346554 2
65703.259717460721731 33385.005723637979827 13
65703.259717460721731 33385.005723637979827 6
65954.589452167172567 33400.050218040123582 3
65954.589452167172567 33400.050218040123582 37
65759.122082702975604 33413.535172615600459 0
65691.945070021683932 33416.137376088867313 0
65558.773392881645123 33445.814855083648581 1
65558.773392881645123 33445.814855083648581 3
65836.51274383191776 33496.723836005148769 1
65836.51274383191776 33496.723836005148769 20
65836.51274383191776 33496.723836005148769 54
66317.22358607291244 33509.592343327458366 3
66317.22358607291244 33509.592343327458366 7
66317.22358607291244 33509.592343327458366 8
65929.238704892952228 33535.461106272043253 1
66004.199782685260288 33546.509913490212057 1
66004.199782685260288 33546.509913490212057 16
65755.561566446631332 33552.667702928461949 11
65755.561566446631332 33552.667702928461949 14
65755.561566446631332 33552.667702928461949 16
65755.561566446631332 33552.667702928461949 22
65755.561566446631332 33552.667702928461949 3
65755.561566446631332 33552.667702928461949 8
65755.561566446631332 33552.667702928461949 9
65755.535687385156052 33552.661861795226287 1
66656.070276574784657 33586.817607234988827 0
65829.003075468237512 33595.509782329783775 1
65829.003075468237512 33595.509782329783775 5
65638.663591248026933 33595.49823507983092 1
67733.156312062827055 33641.634449520046473 0
65784.237787488978938 33645.008375657707802 1
68337.16695110173896 33842.453858630091418 1
71195.699735481961397 33988.627516055836168 6
68487.409362264021183 33982.015053817885928 3
68597.937977159293951 34057.758910728072806 1
68363.304403688613093 34092.890071048648679 0
66731.990970703802304 34258.475010524067329 0
66682.516004644770874 34433.135449694025738 3
66706.897429871678469 34504.556077929446474 2
66755.527202509329072 34590.698015308502363 2
66737.133134441290167 34598.276260259895935 1
66733.18292477777868 34610.461505063285585 2
66936.543685879936675 34664.918430214980617 1
66936.543685879936675 34664.918430214980617 3
66936.543685879936675 34664.918430214980617 7
66936.574247508862754 34664.914322974596871 2
66718.264246132035623 34717.022181230495335 1
66710.636319540324621 34716.93768155437283 2
66717.489076786805526 34718.125322568201227 1
66711.33723437320441 34722.504089854846825 2
66687.665940268459963 34724.465383115799341 1
66724.34183131926693 34719.312971378618386 1
66713.551354225186515 34729.198989531214465 4
66914.918869484841707 34881.388625470324769 5
66914.918869484841707 34881.388625470324769 8
66914.931774530850817 34881.394327508423885 1
69499.912078623950947 34947.036510780075332 0
66691.80128489965864 34956.084306377335452 1
65779.057814395040623 35003.521741719807324 1
66498.974301455076784 35091.472795355010021 8
66040.159705384183326 35123.110797980756615 2
66432.060815993783763 35140.762056768493494 4
66477.013081848286674 35145.705033002239361 1
66652.574119814991718 35182.129229819198372 4
66652.574119814991718 35182.129229819198372 5
66737.594461017768481 35378.71521409455454 1
66813.663415469593019 35558.387135929006035 3
65964.92007517782622 35582.5414872633919 1
71239.421173167706002 35656.752235378102341 2
83019.069096347840969 36044.782676735769201 0
68976.293636581118335 36118.787608615915815 0
70358.434339940795326 36174.802602244897571 21
70358.434339940795326 36174.802602244897571 29
82907.550449015616323 36386.78212572105258 0
69001.756802531643189 36358.102363768986834 20
69001.756802531643189 36358.102363768986834 70
82855.168537488003494 36865.232798573473701 0
70490.324253212515032 36296.41297706415935 1
82753.990400040405802 37249.735645000582736 0
82753.763202042318881 37249.62134489818709 0
82664.22805014748883 37653.296937366605562 0
82664.307359428639757 37653.075672975450289 0
82586.983328348665964 38062.256572825383046 0
69875.516041425173171 38145.847952906144201 1
82514.893910047976533 38313.63914657717396 0
71078.303498594992561 38241.088722069078358 0
70643.315279729155009 38468.321202015460585 0
70118.787443557172082 38532.226989964336099 0
66781.578529927384807 30695.494904619958106 1
71552.121567115784273 38665.496090405365976 0
71221.239825401484268 38787.531694106161012 0
71069.538449457919342 38799.412769040136482 0
71273.499776766097057 38880.42493968000781 12
71273.499776766097057 38880.42493968000781 19
70586.975563588552177 38933.479312822935754 0
70794.814942827855702 38938.144137410650728 0
71481.101959691339289 39051.871989295599633 0
70310.228998090693494 39044.748908495377691 0
70104.360626205976587 39067.361355176013603 0
70483.495222024183022 39091.245325004689221 11
70483.495222024183022 39091.245325004689221 8
71686.011242923676036 39148.029284720745636 0
71726.456259335522191 39252.68152804755664 0
71203.462320810649544 39282.046424345462583 0
71192.103016561755794 39314.152545972698135 0
69979.94009071830078 39322.169148173677968 0
70720.936273244238691 39415.9911092357288 0
70713.913774111904786 39461.934660329403414 0
71470.07014521304518 39528.67851352452999 0
70238.355557880699052 39549.973605506602325 0
70237.977081480552442 39549.746839822080801 0
71846.384758317231899 39613.205295192361518 0
71578.732251645604265 39697.620916647581907 0
71346.080763853664394 39826.265918330682325 0
71096.153415819717338 39831.645800966762181 0
71654.69237922996399 39834.379998884862289 0
70533.288788759266026 39846.700601368851494 0
70489.045697588400799 39849.517373738141032 0
70910.753801992192166 39897.830200529635476 0
70495.868008139586891 39917.413488891092129 1
70413.928059188372572 39949.806274875139934 3
70613.521247348122415 39965.597344190609874 0
70613.446347530174535 39965.48529109309311 0
70359.529808838982717 39973.628231793467421 7
70393.746656210860237 39980.69887966485112 11
70393.746656210860237 39980.69887966485112 14
70474.518005631922279 39982.756103604580858 1
70395.257810740135028 39981.828299479748239 4
70530.744294239397277 39997.867543423868483 1
70410.199240475209081 40007.573157799066394 2
70415.455532629232039 40014.305112416041084 7
70407.033038740526536 40017.541775157216762 2
70384.892530320634251 40020.617966559148044 2
71533.327071084218915 40039.720198241870094 0
71533.327071084218915 40039.720198241870094 2
70390.161918696801877 40026.238311421497201 14
70612.632843505067285 40034.403697014247882 1
70413.68270784599008 40035.407440367962408 5
70513.440551212450373 40043.246117744027288 1
70517.028339714292088 40062.187761067107203 0
70356.197574110294227 40062.528518369865196 1
70356.197574110294227 40062.528518369865196 6
70406.444308932113927 40067.56322030814772 1
70350.810533717201906 40066.912493371361052 3
70333.848145819778438 40083.390302492887713 8
71734.539274802387808 40104.373319284582976 0
70480.106688870087964 40090.660431393887848 1
70543.32193752200692 40094.736460524756694 2
71953.949099336750805 40113.218906555615831 0
70436.470462229874101 40106.825568317603029 3
70379.247461717211991 40111.714674111426575 4
70383.031808354135137 40113.98242158015637 1
70386.724595628198585 40124.031285771096009 1
70382.652522955278982 40146.218467124796007 18
70387.212021875253413 40147.383544104908651 3
71105.815010700112907 40160.279797907554894 0
70374.099457144431653 40160.571054154599551 10
70418.866751011650194 40177.770934159212629 8
70351.593441867749789 40194.771827535645571 26
70351.567295326152816 40196.995003310097673 10
70605.251307465165155 40207.74870966769231 0
88183.240794537836337 40451.711099305859534 1
70496.023753583518555 40227.591044370237796 2
70368.742297949385829 40227.212845767920953 7
71471.318804307869868 40247.212825227659778 0
71151.218520017559058 40251.979417407630535 14
71151.218520017559058 40251.979417407630535 18
70499.637668760638917 40244.309504090648261 1
71087.212720268129488 40314.592180993393413 0
72369.21541197449551 40376.568811936158454 0
70231.159303271037061 40390.142949890017917 0
70188.306527065113187 40469.688213356232154 0
70187.544471582135884 40469.679323442731402 0
71921.041359490351169 40504.60414466313523 0
72323.120517203875352 40532.770635016349843 0
71488.889133307457087 40632.862997682881542 0
71832.054246987550869 40666.856294079101644 0
71363.999548900028458 40796.807725719976588 0
71901.53783859340183 40985.756410722256987 0
75318.214082448088448 42543.99263802121277 7
75318.214082448088448 42543.99263802121277 9
98869.48984155782091 42961.76624016759888 1
76193.645060751223355 43021.956640877004247 1
74367.348331453147694 43034.671918079373427 17
74367.348331453147694 43034.671918079373427 7
92833.423258873517625 43318.062622371362522 0
92608.900831979757641 43411.994300346588716 15
74583.188196386749041 43259.695244298658508 1
97018.599770203552907 43858.872386591436225 1
93189.849568564066431 43862.798829247112735 2
95676.091275117054465 44550.140947067768138 0
77338.273018745705485 44467.401201767686871 1
97320.841607253387338 44805.462474141029816 0
77606.056543821818195 45008.054176792946237 0
96847.653996188280871 45371.849785575526766 0
77354.011887130298419 45239.943117859176709 0
77354.159855511941714 45240.278549768103403 0
79194.118685396606452 45641.123512798025331 1
77335.140662384859752 45709.196571631269762 1
101358.45319471255061 46195.253260153258452 1
102143.34747777294251 46340.848449094773969 1
98291.316945979357115 46911.096722670146846 8
91998.428574960475089 46830.000413793728512 3
99358.33871752768755 47049.756899835527292 0
96021.829735632476513 47102.328640382853337 4
98893.566414393586456 47248.963634683081182 1
98719.618228249441017 47638.94601962424349 1
93242.185968753925408 47551.457428243273171 16
97252.54105367862212 47891.123607471585274 14
96137.39038701922982 48105.176821793284034 6
97680.151903575722827 48431.731633920913737 6
81785.975533075659769 48445.251655831525568 1
97768.550042384522385 48688.887333157552348 40
97670.292169630964054 48817.001502979997895 19
97670.292169630964054 48817.001502979997895 2
98275.70980128395604 48860.228908920063986 10
97873.314325171595556 48875.896354956916184 4
98701.902032818077714 49307.94115928663814 0
98728.037253308051731 49506.941728974998114 22
99443.466608256741893 49885.643971808945935 1
101536.20141728135059 50113.371210002267617 1
100592.94980720122112 50166.063212364009814 14
100914.33933380700182 50660.658397468709154 30
98897.716135938491789 50593.758420991667663 7
98897.487920278086676 50593.754663118583267 1
99148.611874059177353 51416.196249648099183 3
84278.806345289369347 51244.696785713058489 1
81972.79604797202046 51355.085655136557762 1
99671.622106239010463 51715.262632847508939 5
99761.49104176046967 51895.869924151913438 3
96969.989073003642261 52391.262538379603939 40
98866.984593787958147 52446.325710176883149 10
98866.750916730466997 52446.655409008322749 2
83028.846244595304597 52496.935312066838378 1
85526.952173269412015 52594.259188210096909 1
97886.235747160841129 52980.940563388925511 4
97884.793092914740555 53068.750770311133238 1
97880.570537058185437 53325.759031140623847 1
97880.570537058185437 53325.759031140623847 4
97880.570537058185437 53325.759031140623847 6
97880.570537058185437 53325.759031140623847 7
99168.978189358516829 53346.657279353072227 10
99168.978189358516829 53346.657279353072227 6
99168.978189358516829 53346.657279353072227 7
95961.116137772856746 53473.895856163762801 4
84208.785256499031675 53776.350572355673648 2
96617.622397802013438 54027.363493113254663 5
97993.580607949799742 54058.933352824140457 1
90098.238014949194621 55975.382783266191836 1
96644.136992072119028 56609.79830159098492 1
96452.634900798104354 56700.109344190990669 1
96430.365854856863734 56760.901289412853657 1
92412.184547666023718 57161.289398856810294 0
92113.255876716750208 57519.140394410380395 0
128171.73519989554188 103963.64537432522047 1
-556418.65547744859941 144256.12673464766704 1
-560309.28385776979849 146889.78893379482906 1
-564081.64242851396557 152016.67003833240597 1
