589259.2956960807 530390.4290529873 0
568861.082973988 513930.29292079556 0
568556.0970401939 514451.3042323024 0
569584.5925600239 516618.7451334464 0
580459.4089518681 528825.95072952 0
579070.8641654749 527607.1609533253 0
579070.8641654749 527607.1609533253 0
580518.0218586458 529172.9981472688 0
580518.0218586458 529172.9981472688 0
577575.1799685535 526505.8225501955 0
646455.5952845826 591387.98564252 0
844842.3943925087 785060.6124440812 0
891244.4935552228 830493.2730451365 0
901062.5289200578 841002.9936503874 0
892219.4864470775 833464.9912592219 0
893659.8718560102 835236.770761561 0
886891.6705390259 829132.4078632949 0
885675.9620818811 831543.4951808015 0
884526.1355856415 830988.5490186916 0
1291465.8093401468 1312065.7806824555 0
1291719.2021664276 1312399.5902975055 0
1115254.258211077 1133627.7773778464 0
1117647.8644048385 1136080.6484259658 0
1053875.7782635672 1068694.353975645 0
1115910.8929436533 1134370.4718826632 0
1074072.176982487 1093567.7661766321 0
1071956.9508218763 1091467.49285271 0
1071922.6608303203 1091501.1688349033 0
1071922.6608303203 1091501.1688349033 0
1071816.0800819942 1091545.0643635953 0
1071816.0800819942 1091545.0643635953 0
1071816.0800819942 1091545.0643635953 0
1071816.0800819942 1091545.0643635953 0
1071812.2698644027 1091548.80570086 0
1071812.2698644027 1091548.80570086 0
1205782.6190370168 1229873.9500426447 0
1205782.6190370168 1229873.9500426447 0
1271626.5704392584 1297157.7173647555 0
1382680.2166255475 1410761.1679626845 0
1382680.2166255475 1410761.1679626845 0
1382574.1399966578 1410742.3797780797 0
1032452.6122273933 1053590.3668775866 0
1032452.6122273933 1053590.3668775866 0
1273322.875297923 1299435.4656680932 0
1272288.9204986193 1298419.6553344168 0
1146412.6393883193 1170191.7537040643 0
1271935.8945699858 1298392.5258016095 0
1271959.3137371351 1298454.9656328599 0
1273941.8505905329 1300702.2116804838 0
1377721.318673887 1407328.7736358228 0
1271563.7636808152 1299361.739726805 0
1272389.145225128 1300941.752215136 0
1030957.5355163473 1054884.6292479883 0
1030957.5355163473 1054884.6292479883 0
1370296.8845666721 1402551.40849174 0
1292345.4653654336 1323924.5533513369 0
1273171.9598526955 1305253.7083962334 0
1034763.7339211974 1061401.228372121 0
1034724.4836445209 1061540.9489057653 0
1034724.4836445209 1061540.9489057653 0
1269732.6871597783 1302778.1236298801 0
1034681.8910315363 1061631.1412285897 0
1034028.4329429987 1061127.6464275955 0
1291046.8870924108 1324898.267227661 0
1034116.660486894 1061289.743603793 0
1270969.0699986655 1305976.7764383943 0
1360382.5840236591 1398102.4129553665 0
1360333.579016581 1398057.419321363 0
1360296.3056258108 1398023.9941322703 0
1360296.3056258108 1398023.9941322703 0
1292074.0875023887 1328079.6897651823 0
1280194.6213467678 1316529.6079389502 0
1271557.0710959276 1307806.7808334336 0
1292606.9771543418 1329590.9094349686 0
1355937.2772652863 1395204.071102094 0
1281084.9045024256 1318218.0091984214 0
1281180.119786087 1318331.1765605821 0
1281288.7855213878 1318465.5536938377 0
1281242.421993125 1318419.6865344509 0
1281258.140806911 1318456.5800365168 0
1281225.5345296548 1318452.4933645017 0
1281324.5412925452 1318590.292531647 0
1281875.016734251 1319365.4746642476 0
1281988.782098008 1319515.7436984756 0
1282035.6322558424 1319593.918044561 0
1282034.3432902114 1319604.111788079 0
1282047.5136909368 1319643.474639296 0
1270469.4878187666 1307884.3080176448 0
1271485.882828221 1309015.383774427 0
1282454.4242060906 1320364.2959738388 0
1282483.0249053263 1320408.036299575 0
1282569.426876333 1320549.1027547892 0
1282545.8107667177 1320530.3210893692 0
1282583.8592010224 1320584.2536558115 0
1282576.696386343 1320577.8009511766 0
1282619.034671289 1320637.996265176 0
1282640.0081524863 1320675.7333217172 0
1282672.1324729978 1320730.9485937639 0
1282742.0884272978 1320834.3452437406 0
1270001.9952257469 1307807.1695827094 0
1210913.424226692 1247385.7016295358 0
1023009.1941334854 1053821.8636172048 0
1023009.1941334854 1053821.8636172048 0
1291611.5630345203 1331095.3720365583 0
1291433.3781488875 1330937.582529508 0
1291433.3781488875 1330937.582529508 0
1291433.3781488875 1330937.582529508 0
1291433.3781488875 1330937.582529508 0
1291433.3781488875 1330937.582529508 0
1291433.3781488875 1330937.582529508 0
1291433.3781488875 1330937.582529508 0
1291517.3377278282 1331062.8309683353 0
1291601.2931652167 1331188.081333459 0
1291394.67768419 1330975.1332145487 0
1291494.0762650876 1331167.9939087445 0
1291508.316155277 1331195.548566544 0
1291468.2638655528 1331193.03651384 0
1291468.2638655528 1331193.03651384 0
1018685.4247230948 1050052.8607214002 0
1291075.8738418815 1330995.1264694766 0
1007386.7035869841 1038742.813597404 0
1024412.7492878936 1056338.5086803674 0
1290790.5788503455 1331049.8280414366 0
1339847.226142857 1382172.515139322 0
1012058.4686997412 1044235.2016040693 0
1007705.6846410489 1039835.2833522182 0
1007705.6846410489 1039835.2833522182 0
1006884.5913740754 1039175.4781781189 0
1006884.5913740754 1039175.4781781189 0
1006858.2705718159 1039185.8390572917 0
1006858.2705718159 1039185.8390572917 0
1006858.2705718159 1039185.8390572917 0
1006911.5372932623 1039233.5571661734 0
1006911.5372932623 1039233.5571661734 0
1006514.0922394821 1038886.8458496854 0
1006514.0922394821 1038886.8458496854 0
1006503.8783997254 1038878.1175912123 0
1006503.8783997254 1038878.1175912123 0
1285038.6093801153 1326432.6597944559 0
1339029.6794996038 1382409.1586831342 0
1007107.3959310144 1039793.4064233317 0
1289558.7745981396 1332258.5809306805 0
1289662.9871265998 1332611.822329135 0
1289741.5647736364 1332783.5494679052 0
1270910.435676823 1313474.9390153026 0
1270727.167022626 1313315.4840747055 0
1289366.145378384 1333559.4873110086 0
1333310.2438048515 1379328.1816354245 0
1289362.0961102196 1335873.247041338 0
1289467.7573858995 1336760.7012175191 0
1289430.8001209502 1337332.0794287834 0
1289869.951961457 1338021.209859753 0
1289667.4980569815 1337928.0280437004 0
1284701.8742605248 1333982.389919983 0
1284701.8742605248 1333982.389919983 0
537767.64921968 560775.5888341882 0
537767.64921968 560775.5888341882 0
537708.1976635183 560760.4152928273 0
537775.1795372262 560920.4083433102 0
1317607.668332543 1376223.5811513215 0
1318121.533469444 1376900.9686316734 0
1318129.0362013725 1376975.6309351628 0
1318594.299060616 1377595.3723367073 0
1317223.4178577668 1376163.1504604155 0
1317756.22983727 1376799.9928725255 0
1318466.1239327092 1377545.9783942928 0
1318557.0408701096 1377678.6594811473 0
1318704.9723425286 1377858.0652863837 0
1317370.3484266836 1376474.347281394 0
1318134.221176015 1377347.5640327511 0
1316545.7086223338 1375722.1566154417 0
1316703.8312792159 1376127.7783298166 0
1317166.1648447318 1376602.9447857996 0
1317891.2610705406 1377448.978325801 0
1317189.0899966143 1376728.4477683306 0
1318198.448264068 1377924.9240459793 0
1318198.448264068 1377924.9240459793 0
1317088.0781935486 1376770.9787940555 0
1316873.769145163 1376573.0758209159 0
1315904.4385420275 1375562.0604497648 0
1315904.4385420275 1375562.0604497648 0
1315916.8066808397 1375576.7676713616 0
1315916.8066808397 1375576.7676713616 0
1315897.0946687 1375696.3216482461 0
521707.0969487697 545422.0083995974 0
1321160.430083617 1381241.215920591 0
1321102.9265457643 1381190.7011399549 0
1320448.8058955637 1380513.582216298 0
1321124.136295736 1381224.9409100474 0
1317968.7135077384 1378041.0457549025 0
1320748.0647331546 1380977.4775035265 0
1320797.7666696303 1381044.8876502307 0
1316918.0480023976 1377013.2181587943 0
1322177.702995792 1382519.4577314162 0
1317788.961459649 1377938.799677371 0
1314527.333486581 1374555.6724580682 0
1314527.333486581 1374555.6724580682 0
1320627.9060321094 1380968.6064098733 0
1320667.9592720834 1381017.2453636765 0
1320142.6517911088 1380521.9583167986 0
1320447.6732621156 1380955.2847907087 0
1320494.5503695365 1381006.2401569604 0
1320893.3842563168 1381439.279541226 0
1320252.7608114115 1380922.0968264 0
1321385.2019186644 1382254.1211191048 0
1324192.5847685176 1385258.0557355948 0
1321937.6976881395 1382912.617380192 0
1324636.5501014746 1385897.3508103814 0
1324801.9224589227 1386352.956128431 0
1326867.5681140174 1388918.9372924254 0
1325139.3633194687 1387298.425114812 0
1325698.2646109224 1387991.3082268264 0
1325829.873738195 1389018.65892933 0
1327542.8845160883 1391331.8413101616 0
1325485.2988542032 1389525.927470205 0
1327832.5266511065 1392295.4839587633 0
1329028.6908646743 1394050.6797102662 0
1330032.6633841076 1395448.456757355 0
1328224.5022221822 1393708.7233678454 0
1330363.3975247934 1395969.9013645109 0
1329252.7719066548 1394966.6876612308 0
1333521.091772675 1399655.7479965482 0
1330126.5087615473 1396271.0067585707 0
1333312.6534557836 1399627.184490409 0
1331135.7022784618 1397343.8147012328 0
1329425.6584885502 1395577.687076668 0
1330847.715487378 1397396.399811524 0
1331890.4290866293 1398516.1803451756 0
1331890.4290866293 1398516.1803451756 0
1334314.6263500538 1401182.004605608 0
1337636.6985200746 1404742.8216726733 0
1336475.2168829218 1403526.799076128 0
1335911.8568285992 1403025.4429329205 0
1338658.1679122706 1405941.3171275214 0
1333381.2259984745 1400421.0736515706 0
1333381.2259984745 1400421.0736515706 0
1335935.452219231 1403127.2101521182 0
1335935.452219231 1403127.2101521182 0
1335935.452219231 1403127.2101521182 0
1336108.7508387698 1403323.5948284806 0
1339499.177406845 1406926.8181890235 0
1332358.7199292837 1399440.6679875029 0
1332358.7199292837 1399440.6679875029 0
1339476.1458257446 1406998.3634932172 0
1339476.1458257446 1406998.3634932172 0
1339476.1458257446 1406998.3634932172 0
1339273.060326829 1406801.9535964741 0
1335532.6935272384 1402945.897598848 0
1338559.0798682861 1406128.584024335 0
1338559.0798682861 1406128.584024335 0
1338559.0798682861 1406128.584024335 0
1339226.5969657097 1406869.672086437 0
1337570.231090714 1405146.292389168 0
1337570.231090714 1405146.292389168 0
1336032.4097521869 1403550.4479923013 0
1342104.575731718 1409950.7655830197 0
1336024.1183341716 1403589.9078825503 0
1334682.792834317 1402198.5863996816 0
1334682.792834317 1402198.5863996816 0
1342548.337176269 1410492.82373254 0
1335776.86682973 1403447.6204528494 0
1335950.4804767594 1403717.9892979122 0
1340523.638432728 1408536.0230733259 0
1340523.638432728 1408536.0230733259 0
1335065.2829690762 1402827.9934774155 0
1341635.0164447338 1409826.9638079656 0
1339132.2740292375 1407247.8671996554 0
1339132.2740292375 1407247.8671996554 0
1335428.9825300525 1403359.8354949798 0
1340361.9868554152 1408553.815360036 0
1340361.9868554152 1408553.815360036 0
1340361.9868554152 1408553.815360036 0
1335367.550576854 1403334.318644089 0
1335367.550576854 1403334.318644089 0
1336766.5163054557 1404874.7974009046 0
1340432.9869242404 1408851.0684820085 0
1341302.7970667847 1409839.775220796 0
1341302.7970667847 1409839.775220796 0
1342886.9879349193 1411514.5831054663 0
1342886.9879349193 1411514.5831054663 0
1342125.7226898754 1410737.8335593299 0
1342125.7226898754 1410737.8335593299 0
1342125.7226898754 1410737.8335593299 0
1335641.694290449 1403951.4750045582 0
1341259.464090477 1410061.9014330036 0
1339387.069040034 1408093.4583422015 0
1340506.0343408252 1409279.7232444962 0
1343821.2062138566 1412768.7796022764 0
1343821.2062138566 1412768.7796022764 0
1339247.3393091033 1407977.0702878085 0
1338070.05919443 1406787.064390676 0
1338070.05919443 1406787.064390676 0
1342774.0353716537 1411795.1306915516 0
1342774.0353716537 1411795.1306915516 0
1342774.0353716537 1411795.1306915516 0
1341155.912508103 1410119.756610384 0
1336802.6054885548 1405558.1698477957 0
1338149.7456040757 1406997.5618851595 0
1341814.515477009 1410860.8941636097 0
1341814.515477009 1410860.8941636097 0
1341814.515477009 1410860.8941636097 0
1340322.6831423687 1409298.009565867 0
1337455.277632031 1406415.6074793038 0
1343339.4708479713 1412830.1745587615 0
1343339.4708479713 1412830.1745587615 0
1343339.4708479713 1412830.1745587615 0
1341365.6040332029 1410775.9939622213 0
1341433.1372783582 1410915.5158761516 0
1341329.4678604282 1410819.4450747203 0
1342347.8667250625 1412042.108237347 0
1342601.027564212 1412333.933512513 0
1343767.2575869176 1413703.229971144 0
1343767.2575869176 1413703.229971144 0
1343767.2575869176 1413703.229971144 0
1344500.7361520836 1414638.3837688507 0
1342850.6943992393 1413009.8760960444 0
1342799.979138038 1412956.609913408 0
1342825.6278648933 1413258.0175781117 0
1344084.6834833738 1414748.013624758 0
1344084.6834833738 1414748.013624758 0
1344084.6834833738 1414748.013624758 0
1344695.2091740062 1415569.2896275206 0
1343231.931862412 1414136.6863601292 0
1342855.8742875375 1414014.412048735 0
1342855.8742875375 1414014.412048735 0
1342760.042417452 1414012.495308364 0
1344206.7353062367 1415681.3287625448 0
1342806.4186966524 1414253.5147010535 0
1343257.6338275587 1414783.677529151 0
1343150.0251970128 1415104.1648038956 0
1343150.0251970128 1415104.1648038956 0
1344486.8286892017 1416595.0735637748 0
1344486.8286892017 1416595.0735637748 0
1342750.927313701 1414790.0558511636 0
1342750.927313701 1414790.0558511636 0
1344516.4685517526 1416659.6780170754 0
1342765.0658658138 1414900.0058633145 0
1344291.8283672305 1416617.3746844688 0
1344291.8283672305 1416617.3746844688 0
1343661.553964124 1415973.3344760644 0
1343172.4799294362 1415680.6035406278 0
1343598.476345578 1416228.6012213929 0
1343363.6171100934 1416104.543463494 0
1343363.6171100934 1416104.543463494 0
1344750.5615054478 1417711.0381796698 0
1343197.0758453677 1416109.748432003 0
1343197.0758453677 1416109.748432003 0
1343183.0083501781 1416134.3694826388 0
1343324.9621961208 1416325.322472769 0
1343465.6957623698 1416679.993006726 0
1342104.4750439445 1415285.849785558 0
1342605.4014055452 1415827.8488669544 0
1343696.0409941159 1416978.6627404972 0
1342192.2669638167 1415405.888045939 0
1338355.0372591692 1411403.2056877546 0
1338355.0372591692 1411403.2056877546 0
1338404.266136488 1411459.8086863868 0
1332659.1981767367 1406128.0860315529 0
1344269.8990145356 1418423.0082249674 0
1345803.1293388822 1420449.41634348 0
1358585.6696651576 1435356.7724119585 0
1358791.6569869935 1435589.9576614827 0
1358775.6876895493 1435600.688757425 0
1358432.0366424199 1435373.5888673419 0
1356743.1110113354 1433590.5060668828 0
1357154.5293550554 1434189.3225285704 0
1355910.6711667676 1432954.8613749342 0
1355105.974755631 1432149.6518789995 0
1356199.7524978821 1433347.4066286755 0
1352152.6524096 1429075.7320901412 0
1355642.7158872564 1432831.514656384 0
1355709.6817802503 1432909.7576050644 0
1355794.866404293 1433010.3637062307 0
1355887.228172662 1433112.945754036 0
1355736.2168242403 1432953.3334250147 0
1355929.72768772 1433161.8741446151 0
1355929.72768772 1433161.8741446151 0
1355676.64821948 1432898.487302209 0
1355937.220685346 1433174.8043278914 0
1355850.2081831933 1433086.7432443625 0
1355934.9381750203 1433177.402203513 0
1355940.6697488863 1433190.9759549939 0
1356693.8094589151 1433999.5565179237 0
1355887.9631844244 1433151.8506901127 0
1356140.259263753 1433422.9836322535 0
1356140.259263753 1433422.9836322535 0
1356129.3168816 1433411.4176736688 0
1355801.4161975463 1433072.8468895738 0
1356218.6251421415 1433518.3443414257 0
1356218.6251421415 1433518.3443414257 0
1355802.5416974644 1433080.5496268638 0
1356035.792771241 1433340.6251581807 0
1355887.642784047 1433188.5388522784 0
1356180.833760695 1433502.9554227963 0
1356299.4668010073 1433630.35708192 0
1356325.47751032 1433658.352030772 0
1355923.5125511729 1433234.9716408467 0
1357054.7563857601 1434446.0616445406 0
1358672.243225745 1436217.2484284013 0
1358741.4512951067 1436340.520224912 0
1357781.24488523 1435390.3090717401 0
1357969.7730663596 1435650.2429072368 0
1356564.7718520334 1434351.0005954718 0
1359369.294356685 1437450.8614792612 0
1359316.4971734209 1437398.7001105612 0
1358504.6824184933 1436564.4605636506 0
1358768.4576374316 1437037.709743195 0
1359823.467458309 1438238.3662908857 0
1357432.5589391862 1435924.5346825605 0
1362780.8612682943 1442041.1181589959 0
1358490.1819158264 1437630.764026464 0
1361688.8492469322 1441075.1246237215 0
1361311.2140990668 1440846.4896476334 0
1359370.253604212 1438851.840106104 0
1376423.999272161 1456998.4234653637 0
1377148.300809968 1457767.9281002665 0
1376444.479511373 1457303.1140081163 0
1376908.2697997335 1457836.6587129908 0
1378531.0402712405 1459583.1308334654 0
1375229.7465018304 1456101.8873044236 0
1379749.482457314 1460901.611822631 0
1376416.2669348826 1457376.9849150018 0
1375370.4899217626 1456278.860356015 0
1380809.9777722058 1462166.4939604355 0
1361067.5360173138 1441348.9774724676 0
1378012.6582234057 1459303.5431280315 0
1373239.440425987 1454418.227607932 0
1381913.2763367915 1463618.427950976 0
1382471.869617718 1464239.1268890833 0
1374221.3800043757 1455232.0826971107 0
1362528.77362087 1443216.4929976407 0
1362561.2642487388 1443252.9261868964 0
1371863.0874068905 1453213.323569087 0
1372308.5381060045 1453700.945677093 0
1375982.7096837875 1457685.792219758 0
1380917.8362558195 1462955.9005571448 0
1376441.733560426 1458277.1550852475 0
1374037.7344085113 1455862.521519133 0
1374986.6187469985 1456873.0064482384 0
1371451.3745685997 1453171.9355201279 0
1375824.5805583228 1457807.3584915802 0
1374968.9431166144 1456914.8968076678 0
1364164.930946406 1445528.239688522 0
1364807.6002976708 1446218.1903473483 0
1375841.632309628 1457916.5690104389 0
1374049.796822503 1456082.398078239 0
1378556.876423047 1460925.0632312205 0
1373039.7260749566 1455093.5287915617 0
1373037.5915450228 1455094.5228869459 0
1370386.901237812 1452315.1764652275 0
1383364.2292134145 1466066.8132480348 0
1369507.3095642407 1451381.476152793 0
1380334.1813636404 1462876.077942694 0
1363195.5274972015 1444849.4611675534 0
1372064.7100892789 1454257.5255216951 0
1372070.058395178 1454266.9062187625 0
1364326.6669776577 1446059.9839958344 0
1385793.7589359132 1468869.814911992 0
1373520.5938222457 1455865.271602681 0
1381789.8878392498 1464640.1552727015 0
1367462.8168435637 1449476.7577332365 0
1375141.2579002504 1457628.9667155417 0
1378246.7907046373 1460924.8711809055 0
1376432.1813798558 1459017.2221238813 0
1375191.3647795625 1457705.5252207178 0
1374992.5968502455 1457515.7256391211 0
1368516.0200224048 1450656.5299748292 0
1368445.41537525 1450583.2091521134 0
1375008.4171167633 1457550.3328823538 0
1374917.1971615204 1457467.3965765426 0
1371833.7665357778 1454202.9041928335 0
1374967.3382018982 1457532.2697627228 0
1367851.9381613429 1449990.1065629274 0
1365389.3112688418 1447410.8780642606 0
1365375.0712698689 1447412.9394162826 0
1365407.7989680169 1447470.5607372483 0
1370841.269066038 1453233.1300535942 0
1367968.5338105343 1450201.374741482 0
1370891.5494035988 1453314.2288655748 0
1379836.8042410654 1462822.5193067405 0
1386647.2362782185 1470045.729134273 0
1364602.4887615142 1446713.9721735236 0
1367055.6860139377 1449382.6932191402 0
1366122.7094813085 1448404.1663308544 0
1369585.0980014652 1452077.6329100009 0
1366293.8089798873 1448622.9525893144 0
1367270.8952310213 1449644.8238469271 0
1369283.7434630843 1451835.339371178 0
1380929.2388126357 1464230.9952267548 0
1364829.0006978454 1447210.4495301882 0
1368612.5254357336 1451228.641148693 0
1364878.6824130015 1447293.1902253854 0
1370324.490253354 1453079.9718091688 0
1370324.490253354 1453079.9718091688 0
1370324.490253354 1453079.9718091688 0
1370324.490253354 1453079.9718091688 0
1370324.490253354 1453079.9718091688 0
1370324.490253354 1453079.9718091688 0
1370098.9027170897 1452865.196241338 0
1364905.6779178095 1447366.8575695986 0
1389465.2414021583 1473491.1349759302 0
1367836.6640377 1450568.701360483 0
1367575.6703116775 1450326.4570734114 0
1363759.9872941792 1446283.9362254017 0
1366015.7844321248 1448754.2482433387 0
1366822.8245330318 1449662.4815937963 0
1366121.4790278953 1448938.7938938001 0
1368654.3797732862 1451718.1369429734 0
1382147.7563057293 1466054.5215129633 0
1384593.7493294794 1468667.389773942 0
1365298.034564705 1448218.3554167526 0
1365298.034564705 1448218.3554167526 0
1366873.2693241984 1449962.7759023812 0
1383308.4545634496 1467584.3212807938 0
1384855.9871800593 1469344.303264217 0
1386644.3580875425 1471271.105013752 0
1394176.3547347358 1479593.3509289217 0
1397042.3117484474 1482908.562481855 0
1391197.532732113 1476948.404526859 0
1398156.793726463 1484350.6362875467 0
1391081.9647927033 1477033.8507670995 0
1397872.3812591282 1484566.1869811562 0
1399116.616223628 1486120.4967838363 0
1396318.5895176153 1483222.541607679 0
1396409.427266732 1483370.9058783313 0
1400070.5276988575 1487471.1777834627 0
1407342.486744808 1495405.739691175 0
1407410.8426710237 1495496.6774281568 0
1407515.0871398556 1495627.8444916047 0
1407496.948671496 1495615.892944583 0
1407489.3867532637 1495609.949714036 0
1407534.7081015378 1495679.03055606 0
1407555.2716411168 1495706.1124750678 0
1407495.3661138583 1495643.5013323708 0
1407499.450212763 1495648.364252012 0
1407514.5150175965 1495661.7572938218 0
1407514.0182152493 1495668.0290156207 0
1407609.0884566738 1495770.0997729222 0
1407593.3585204238 1495754.4308039907 0
1407593.3585204238 1495754.4308039907 0
1407593.3585204238 1495754.4308039907 0
1407593.3585204238 1495754.4308039907 0
1407593.3585204238 1495754.4308039907 0
1407593.3585204238 1495754.4308039907 0
1407593.3585204238 1495754.4308039907 0
1407593.3585204238 1495754.4308039907 0
1407593.3585204238 1495754.4308039907 0
1407593.3585204238 1495754.4308039907 0
1407593.3585204238 1495754.4308039907 0
1407593.3585204238 1495754.4308039907 0
1407593.3585204238 1495754.4308039907 0
1407593.3585204238 1495754.4308039907 0
1407593.3585204238 1495754.4308039907 0
1407593.3585204238 1495754.4308039907 0
1407593.3585204238 1495754.4308039907 0
1407593.3585204238 1495754.4308039907 0
1407518.447542977 1495676.9201780234 0
1407543.3308906588 1495702.8390060281 0
1407543.3308906588 1495702.8390060281 0
1407501.8754757317 1495663.494520962 0
1407592.0193002138 1495762.946260517 0
1407554.446034244 1495727.2039863435 0
1401838.0798043997 1489668.2744752688 0
1407489.1432946026 1495674.0250696524 0
1407487.6359820531 1495673.992476207 0
1407543.9448624724 1495738.53707206 0
1407455.2415938897 1495653.690591085 0
1407545.6203442945 1495747.1175461428 0
1407621.279050054 1495831.179032181 0
1407445.9957090344 1495652.2340212218 0
1407545.6114233695 1495760.1850988297 0
1407360.2227953642 1495563.1776794682 0
1407370.2689077305 1495582.7447517286 0
1407391.699565656 1495613.364129852 0
1407549.0461636933 1495781.6201057225 0
1407464.52081637 1495692.8423860362 0
1407329.3027260392 1495550.19403548 0
1407411.1932857586 1495635.648925153 0
1407347.2303986312 1495573.952699756 0
1407456.0580268938 1495690.6488611826 0
1407333.4121923752 1495560.8372717702 0
1407299.662478539 1495530.201777753 0
1407432.7329568844 1495676.3225877148 0
1407351.9125571111 1495595.6651501812 0
1407420.3883631174 1495670.5267365 0
1407436.8333076183 1495700.0332537817 0
1405967.933722521 1494142.2033789197 0
1405967.933722521 1494142.2033789197 0
1405967.933722521 1494142.2033789197 0
1405967.933722521 1494142.2033789197 0
1405967.933722521 1494142.2033789197 0
1405967.933722521 1494142.2033789197 0
1405967.933722521 1494142.2033789197 0
1405967.933722521 1494142.2033789197 0
1405967.933722521 1494142.2033789197 0
1405967.933722521 1494142.2033789197 0
1405967.933722521 1494142.2033789197 0
1405967.933722521 1494142.2033789197 0
1405967.933722521 1494142.2033789197 0
1405967.933722521 1494142.2033789197 0
1405967.933722521 1494142.2033789197 0
1405967.933722521 1494142.2033789197 0
1405967.933722521 1494142.2033789197 0
1405967.933722521 1494142.2033789197 0
1405967.933722521 1494142.2033789197 0
1405967.933722521 1494142.2033789197 0
1405967.933722521 1494142.2033789197 0
1405967.933722521 1494142.2033789197 0
1405967.933722521 1494142.2033789197 0
1405967.933722521 1494142.2033789197 0
1405967.933722521 1494142.2033789197 0
1405967.933722521 1494142.2033789197 0
1405967.933722521 1494142.2033789197 0
1405967.933722521 1494142.2033789197 0
1405967.933722521 1494142.2033789197 0
1405967.933722521 1494142.2033789197 0
1405967.933722521 1494142.2033789197 0
1405967.933722521 1494142.2033789197 0
1405967.933722521 1494142.2033789197 0
1405967.933722521 1494142.2033789197 0
1405960.3291276125 1494134.121867301 0
1405957.142438793 1494130.7353275798 0
1405953.0866518032 1494126.4251848203 0
1405947.4375176497 1494120.4217692737 0
1407424.4887254974 1495694.2373670384 0
1402426.5876407768 1490542.90074082 0
1402313.2920943405 1490470.9611502877 0
1402276.2686684222 1490505.9390123456 0
1406351.8362234966 1494473.3005930204 0
1407314.968072264 1496286.1966278416 0
1407454.099053393 1496500.5887671527 0
1408104.4431148646 1497675.9702085094 0
1386140.0614514295 1470936.102417876 0
1409138.8083412396 1499267.3625674355 0
1408921.0863812577 1499274.8016219903 0
1410045.9535246282 1501313.0094342532 0
1408449.9022792024 1500723.1298013448 0
1409784.0585683056 1502428.9229480494 0
1410326.999482167 1503065.5191867042 0
1410326.999482167 1503065.5191867042 0
1410326.999482167 1503065.5191867042 0
1410125.0100209985 1502896.952504028 0
1410267.0341029514 1503058.749240818 0
1410267.0341029514 1503058.749240818 0
1410502.3384383426 1503315.3525887448 0
1410502.3384383426 1503315.3525887448 0
1410313.6531619923 1503121.6394401097 0
1410249.2651203554 1503054.59143054 0
1410116.0906373349 1502927.3721882082 0
1410116.0906373349 1502927.3721882082 0
1410368.3877738423 1503218.9195749634 0
1410368.3877738423 1503218.9195749634 0
1410368.3877738423 1503218.9195749634 0
1410822.031499493 1503706.0219430581 0
1410822.031499493 1503706.0219430581 0
1410822.031499493 1503706.0219430581 0
1410447.7144225454 1503321.310830806 0
1410516.4151468936 1503399.373122537 0
1410516.4151468936 1503399.373122537 0
1410278.8844919035 1503150.399232248 0
1410278.8844919035 1503150.399232248 0
1410278.8844919035 1503150.399232248 0
1410278.8844919035 1503150.399232248 0
1410278.8844919035 1503150.399232248 0
1410278.8844919035 1503150.399232248 0
1410278.8844919035 1503150.399232248 0
1410278.8612311524 1503150.3718108707 0
1411126.4189262595 1504065.2231262287 0
1410338.9700715088 1503234.3244697517 0
1410338.9700715088 1503234.3244697517 0
1410158.19882859 1503042.6230994444 0
1412136.9547498673 1505162.5832504365 0
1410285.287925926 1503200.7475965824 0
1412665.2575669514 1505817.594870854 0
1415346.7585267522 1508729.584506214 0
1412776.44963185 1506001.4366770627 0
1412864.3242590337 1506130.405940739 0
1412633.5785264773 1505902.3370455103 0
1411046.9914896844 1504298.022627899 0
1410960.597647475 1504288.8418059468 0
1410967.638716304 1504330.02426738 0
1410994.3869291898 1504399.0602434399 0
1410975.208047778 1504382.2952122358 0
1410968.707153113 1504381.1522260553 0
1411149.5529655304 1504598.681768381 0
1411149.5529655304 1504598.681768381 0
1411149.5529655304 1504598.681768381 0
1411149.582916706 1504598.7115978468 0
1410930.495362786 1504390.926094094 0
1410923.2701099222 1504383.2222384592 0
1410929.51027206 1504390.4019624179 0
1410922.6798121738 1504385.2238871183 0
1410899.756401446 1504361.834383934 0
1410935.7504281932 1504397.581684824 0
1410923.2719946273 1504389.0125622696 0
1411080.1726571342 1504627.2947206066 0
1411080.1726571342 1504627.2947206066 0
1411080.1836264993 1504627.3090486645 0
1413520.2211301536 1507246.3531147218 0
1410851.4220607292 1504419.9065887572 0
1409973.8616606544 1503511.3350293997 0
1410637.7421509693 1504257.1409360915 0
1410194.8554200712 1503802.2195049077 0
1410563.0712726233 1504201.1909558512 0
1410604.6479183722 1504247.6322693184 0
1410763.1618455772 1504432.991702514 0
1410763.1618455772 1504432.991702514 0
1410799.546684911 1504564.4050928052 0
1410831.245634971 1504682.8705113234 0
1410019.7257381887 1503833.2229555147 0
1415011.8814212251 1509164.2282520083 0
1426107.341021468 1521111.44638268 0
1412758.5626559472 1506992.5299102794 0
1414058.4128390236 1508398.077342078 0
1414058.4128390236 1508398.077342078 0
1425924.3069400962 1521080.6177886901 0
1412728.733743998 1507074.0478757413 0
1412728.733743998 1507074.0478757413 0
1425766.6001980864 1521141.70010173 0
1414156.2075031197 1508559.3854218514 0
1425583.7770338664 1521131.3246187028 0
1425583.5871874841 1521131.068838899 0
1425407.4818815007 1521136.937684607 0
1425407.6071065024 1521136.964899824 0
1425241.8436959235 1521156.404150896 0
1413154.9427811285 1508372.1668087915 0
1425116.6679987798 1521143.5880417107 0
1414275.5839734795 1509606.864746904 0
1413811.235192085 1509221.5513391024 0
1413298.725573217 1508707.7039211355 0
1411897.7460447988 1503518.389136071 0
1414629.684403614 1510183.8229759661 0
1414287.9447954958 1509878.840787031 0
1414141.213495458 1509728.6878948975 0
1414316.5957454927 1509953.268311422 0
1414316.5957454927 1509953.268311422 0
1413652.7194361263 1509273.5381731563 0
1413849.0245476419 1509484.1776261565 0
1414475.0153832785 1510202.6982952221 0
1413364.8045706744 1509020.5188046237 0
1413164.2090778481 1508818.2227311803 0
1413518.8370586226 1509206.0936787836 0
1413518.8370586226 1509206.0936787836 0
1414647.87466159 1510431.797268649 0
1414662.6499354278 1510497.0828016922 0
1414159.4137361834 1509976.6582972775 0
1414141.378343217 1509972.7190096062 0
1412988.5290559458 1508752.300913159 0
1413670.9823644478 1509521.4553207387 0
1413653.9403803314 1509525.1192979314 0
1414356.8838434434 1510303.2079383617 0
1413182.4820178505 1509066.1359638257 0
1413182.173824128 1509065.701279574 0
1414695.122992443 1510702.4418178615 0
1414421.9164361318 1510452.3304319566 0
1414171.955253971 1510247.8439227003 0
1413933.421288419 1509997.0661586653 0
1414463.1630667986 1510560.9494834207 0
1413395.544419035 1509432.9421069347 0
1413352.8961584475 1509388.980026757 0
1413742.4284508573 1509825.5791083137 0
1413344.0431675953 1509411.734566972 0
1413258.9202055454 1509336.6654825092 0
1413444.8835305243 1509541.6608031946 0
1413444.8377101452 1509541.5590606255 0
1413201.8854639435 1509287.3688735936 0
1413232.7805395785 1509323.5325048722 0
1413232.7805395785 1509323.5325048722 0
1413309.0148244738 1509405.4782536943 0
1413233.9604705109 1509325.3206576908 0
1413358.9937301176 1509465.719971875 0
1413242.335143487 1509346.4087497832 0
1413245.8062756422 1509353.2839505782 0
1413237.077571289 1509345.5456568438 0
1413215.3587340803 1509323.9337921445 0
1414301.5544919176 1510486.6404967525 0
1414301.5544919176 1510486.6404967525 0
1413219.0933164877 1509330.5623328346 0
1413428.502815743 1509556.8539172974 0
1413239.3577205143 1509356.42893609 0
1413332.3155718155 1509458.877272264 0
1413331.4452222716 1509466.9244573978 0
1413178.646685847 1509304.788467156 0
1413178.646685847 1509304.788467156 0
1413225.223155506 1509356.6451483436 0
1413172.5412967838 1509300.3797263582 0
1413152.7132268648 1509287.1226052844 0
1414478.0137272228 1510704.6949865664 0
1413289.9557980697 1509436.3417273825 0
1413349.063117578 1509501.0542991017 0
1414684.3527183498 1510928.0310930107 0
1413244.869478663 1509396.1084606415 0
1413189.427615891 1509339.5345674325 0
1413192.5090742793 1509343.8816850516 0
1413193.7465109248 1509349.9553468323 0
1413184.869580296 1509351.03447577 0
1413188.9361039987 1509355.9057300147 0
1413868.3868887937 1510083.7059263955 0
1413173.506730301 1509345.7624195183 0
1413212.1329056958 1509394.9375537478 0
1413144.4123780308 1509331.0559391275 0
1413143.8855220159 1509331.5492194914 0
1413382.3499061686 1509589.941643759 0
1430013.5422147287 1527358.9738752479 0
1413274.1493779046 1509484.408972046 0
1413153.3709194255 1509355.9363889555 0
1414195.8201579582 1510472.6808511822 0
1413890.7927750582 1510150.9553430565 0
1413890.7927750582 1510150.9553430565 0
1413273.8057575154 1509491.9627682848 0
1413815.876548337 1510101.0497113324 0
1415019.187241103 1511408.5158952218 0
1412985.9315481214 1509255.2363570947 0
1412927.2759375277 1509230.5975092936 0
1412926.5543065127 1509229.826692829 0
1414564.7232397278 1510986.5226668967 0
1414940.1452079269 1511398.6379298999 0
1414125.414794568 1510580.6808127014 0
1414443.5860515768 1510934.7723459343 0
1413969.8023245502 1510493.0797202499 0
1414437.5432919743 1511079.5471086758 0
1417329.6158820707 1514891.9157465443 0
1417329.6158820707 1514891.9157465443 0
1439585.531840107 1538716.9667722092 0
1418052.771999522 1515887.568590416 0
1416315.9923676362 1514047.914087608 0
1416315.9923676362 1514047.914087608 0
1433778.5915258098 1532728.377125406 0
1433544.3397897542 1532524.9244317506 0
1416470.0829712215 1514318.5889795374 0
1437627.0287331315 1537072.0043281724 0
1433993.692037641 1533218.4492597063 0
1436197.2083512282 1535887.7223919858 0
1418812.857849612 1517383.1496737003 0
1437699.8556634248 1537605.4297266977 0
1418944.9031844898 1517780.928156449 0
1437122.962430863 1537266.1005642724 0
1418653.2256507108 1517581.2232809172 0
1418653.2903199901 1517581.4517417883 0
1420309.388647862 1519533.2463349556 0
1418529.2621447372 1517672.829306657 0
1441215.765953636 1542007.5135273628 0
1441927.329007484 1542833.072626058 0
1438144.5742960332 1539092.8624698343 0
1432192.6738239427 1532732.1149586954 0
1439125.4067119742 1540201.2424723757 0
1435948.379047219 1536852.7331120174 0
1438639.4956626545 1539781.4395216592 0
1438386.3249986593 1539700.7987734643 0
1433209.6762108067 1534159.5264913924 0
1436937.6010935635 1538283.6813173078 0
1435831.2930922897 1537211.5708238753 0
1437221.0249199856 1538845.5096578219 0
1422135.7928031075 1522813.8473404648 0
1437246.7381769978 1538996.8835033795 0
1437124.5588528856 1538928.8720042694 0
1437124.5588528856 1538928.8720042694 0
1437689.1009571187 1539549.5654682973 0
1437303.8358303579 1539147.774684267 0
1437992.1530188276 1540087.6759541393 0
1437971.944010618 1540162.2738793436 0
1438564.9516486826 1540975.3405008863 0
1440498.495753839 1543140.1175449817 0
1439591.884321562 1542202.1817438318 0
1439784.8704908127 1542646.4017319481 0
1437887.1110327367 1540596.890390052 0
1437886.8953982247 1540596.6593525414 0
1437939.0832020699 1541049.3849284756 0
1423868.7726576277 1525996.8319317233 0
1421655.0827557358 1523692.604671903 0
1438367.5483384973 1541649.466651052 0
1438411.939054341 1541783.9525632623 0
1435651.812672882 1539087.5539597522 0
1437438.8997699814 1541015.0979732913 0
1437438.6035153342 1541014.9421371752 0
1422399.1447255746 1525031.0676559322 0
1424748.0728455754 1527579.4134301546 0
1436387.5955859635 1540154.9451878204 0
1436366.3596373473 1540174.7500987926 0
1436304.203403419 1540232.7146328876 0
1436304.203403419 1540232.7146328876 0
1436304.203403419 1540232.7146328876 0
1436304.203403419 1540232.7146328876 0
1437521.6677819702 1541538.1528984418 0
1437521.6677819702 1541538.1528984418 0
1437521.6677819702 1541538.1528984418 0
1434449.7708768556 1538330.8206540104 0
1423229.5801770985 1526528.1075633944 0
1434947.3507704178 1539127.416045002 0
1436245.5080767088 1540524.314212786 0
1428320.9932863498 1533008.5049781867 0
1434388.0242836773 1539778.2926413696 0
1434185.907321916 1539606.581848867 0
1434151.0193702357 1539598.7617319773 0
1430248.1433272343 1535632.9969387257 0
1429883.4985027085 1535416.6399446067 0
1453522.8065171288 1583465.3492031135 0
787586.3672555699 862196.4325780123 0
783204.9239293989 858009.6061993997 0
778366.1794582045 853985.4163143225 0
