[*] GradientBoostingClassifier accuracy: 0.26162601626

              precision    recall  f1-score   support

           0       0.16      0.18      0.17      1010
           1       0.28      0.10      0.15      1095
           2       0.21      0.10      0.14      1023
           3       0.21      0.50      0.29      1368
           4       0.24      0.38      0.29       929
           5       0.22      0.26      0.24      1076
           6       0.45      0.20      0.28      1001
           7       0.41      0.43      0.42       785
           8       0.00      0.00      0.00        92
           9       0.55      0.37      0.44       547
          11       0.42      0.34      0.38       193
          12       0.00      0.00      0.00        67
          13       0.16      0.09      0.12       620
          14       0.21      0.31      0.25       283
          15       0.27      0.11      0.16       273
          16       0.00      0.00      0.00        39
          17       0.53      0.49      0.51       250
          18       0.45      0.35      0.39       280
          19       0.00      0.00      0.00         1
          20       0.00      0.00      0.00         4
          21       0.52      0.45      0.48       281
          22       0.24      0.41      0.30       238
          23       0.05      0.03      0.04        31
          24       0.00      0.00      0.00        38
          25       0.38      0.24      0.30       259
          26       0.03      0.00      0.01       276
          27       0.16      0.02      0.04       241

   micro avg       0.26      0.26      0.26     12300
   macro avg       0.23      0.20      0.20     12300
weighted avg       0.28      0.26      0.25     12300

