[*] GradientBoostingClassifier accuracy: 0.273504273504

              precision    recall  f1-score   support

           0       0.00      0.00      0.00         6
           1       0.00      0.00      0.00         5
           2       0.17      0.20      0.18         5
           3       0.12      0.25      0.17         4
           4       0.00      0.00      0.00         6
           5       0.29      0.40      0.33         5
           6       0.25      0.50      0.33         2
           7       0.50      0.25      0.33         8
           8       0.00      0.00      0.00         1
           9       0.40      0.50      0.44         4
          10       0.40      0.29      0.33         7
          11       0.00      0.00      0.00         2
          12       0.00      0.00      0.00         4
          13       0.40      0.29      0.33         7
          14       0.67      0.40      0.50         5
          15       0.00      0.00      0.00         3
          16       1.00      0.83      0.91         6
          17       0.40      0.40      0.40        10
          18       0.75      0.60      0.67         5
          19       0.00      0.00      0.00         0
          20       0.80      0.44      0.57         9
          21       0.00      0.00      0.00         4
          22       0.50      0.11      0.18         9

   micro avg       0.27      0.27      0.27       117
   macro avg       0.29      0.24      0.25       117
weighted avg       0.37      0.27      0.30       117

