[*] GradientBoostingClassifier accuracy: 0.25

              precision    recall  f1-score   support

           0       0.33      0.29      0.31         7
           1       0.50      0.67      0.57         3
           2       0.00      0.00      0.00         5
           3       0.50      1.00      0.67         1
           4       0.00      0.00      0.00         2
           5       0.00      0.00      0.00         1
           6       0.00      0.00      0.00         1
           7       0.00      0.00      0.00         1
          10       0.00      0.00      0.00         0
          11       0.00      0.00      0.00         1
          12       0.00      0.00      0.00         0
          13       1.00      1.00      1.00         1
          16       0.00      0.00      0.00         0
          17       0.00      0.00      0.00         0
          18       0.00      0.00      0.00         0
          19       0.00      0.00      0.00         1

   micro avg       0.25      0.25      0.25        24
   macro avg       0.15      0.18      0.16        24
weighted avg       0.22      0.25      0.23        24

