[*] GradientBoostingClassifier accuracy: 0.284090909091

              precision    recall  f1-score   support

           0       0.40      0.25      0.31         8
           1       0.00      0.00      0.00         5
           2       0.29      0.50      0.36         4
           3       0.33      0.50      0.40         4
           4       0.08      0.17      0.11         6
           5       0.40      0.40      0.40         5
           6       0.50      0.40      0.44        15
           7       0.25      0.10      0.14        10
           8       0.14      0.25      0.18         4
           9       0.50      0.33      0.40         3
          11       0.12      0.17      0.14         6
          12       1.00      0.33      0.50         3
          13       0.00      0.00      0.00         0
          14       1.00      0.50      0.67         2
          15       0.00      0.00      0.00         0
          16       0.50      0.50      0.50         2
          17       0.67      0.67      0.67         3
          19       0.00      0.00      0.00         2
          20       0.33      0.33      0.33         3
          21       0.00      0.00      0.00         3

   micro avg       0.28      0.28      0.28        88
   macro avg       0.33      0.27      0.28        88
weighted avg       0.34      0.28      0.29        88

