[*] GradientBoostingClassifier accuracy: 0.270676691729

              precision    recall  f1-score   support

           0       0.22      0.11      0.15        35
           1       0.15      0.16      0.16        25
           2       0.39      0.37      0.38        19
           3       0.23      0.32      0.27        38
           4       0.36      0.38      0.37        21
           5       0.15      0.18      0.16        17
           6       0.20      0.25      0.22        20
           7       0.28      0.47      0.35        15
           8       0.00      0.00      0.00         2
           9       0.44      0.31      0.36        13
          10       0.40      0.50      0.44         4
          11       0.00      0.00      0.00         1
          12       0.11      0.12      0.12         8
          13       0.00      0.00      0.00         5
          14       0.67      0.29      0.40         7
          15       0.50      0.40      0.44         5
          16       0.67      0.50      0.57         4
          17       0.64      0.78      0.70         9
          18       0.33      0.20      0.25         5
          19       0.00      0.00      0.00         3
          20       0.50      0.20      0.29         5
          21       0.00      0.00      0.00         3
          22       0.00      0.00      0.00         2

   micro avg       0.27      0.27      0.27       266
   macro avg       0.27      0.24      0.25       266
weighted avg       0.28      0.27      0.27       266

