[*] GradientBoostingClassifier accuracy: 0.311475409836

              precision    recall  f1-score   support

           0       0.18      0.22      0.20         9
           1       0.22      0.25      0.24         8
           2       0.38      0.75      0.50        12
           3       0.19      0.33      0.24         9
           4       0.57      0.44      0.50         9
           5       0.30      0.23      0.26        13
           6       0.25      0.38      0.30         8
           7       0.60      0.30      0.40        10
           8       0.33      0.17      0.22         6
           9       0.00      0.00      0.00         1
          10       0.00      0.00      0.00         1
          11       0.00      0.00      0.00         6
          12       0.00      0.00      0.00         4
          13       0.00      0.00      0.00         4
          14       0.00      0.00      0.00         1
          15       0.83      0.83      0.83         6
          16       0.33      0.25      0.29         4
          17       0.20      0.33      0.25         3
          18       0.00      0.00      0.00         1
          19       0.00      0.00      0.00         2
          20       0.00      0.00      0.00         2
          21       0.33      0.33      0.33         3

   micro avg       0.31      0.31      0.31       122
   macro avg       0.21      0.22      0.21       122
weighted avg       0.30      0.31      0.29       122

