[*] GradientBoostingClassifier accuracy: 0.279245283019

              precision    recall  f1-score   support

           0       0.14      0.41      0.21        17
           1       0.33      0.29      0.31        24
           2       0.19      0.26      0.22        23
           3       0.12      0.07      0.09        27
           4       0.35      0.21      0.26        29
           5       0.27      0.25      0.26        12
           6       0.32      0.33      0.33        21
           7       0.32      0.53      0.40        17
           9       0.38      0.36      0.37        14
          10       0.00      0.00      0.00         2
          11       0.00      0.00      0.00         1
          12       0.17      0.13      0.15        15
          13       0.75      0.38      0.50         8
          14       0.33      0.25      0.29         4
          15       0.50      0.50      0.50         4
          16       0.56      0.62      0.59         8
          17       0.67      0.36      0.47        11
          18       0.50      0.50      0.50         6
          20       0.50      0.20      0.29         5
          21       0.50      0.14      0.22         7
          22       0.00      0.00      0.00        10

   micro avg       0.28      0.28      0.28       265
   macro avg       0.33      0.28      0.28       265
weighted avg       0.31      0.28      0.28       265

