[*] GradientBoostingClassifier accuracy: 0.3125

              precision    recall  f1-score   support

           0       0.06      0.06      0.06        17
           1       0.17      0.09      0.12        22
           2       0.28      0.32      0.30        25
           3       0.31      0.53      0.40        30
           4       0.27      0.33      0.30        21
           5       0.18      0.27      0.22        15
           6       0.39      0.39      0.39        18
           7       0.52      0.61      0.56        18
           8       0.00      0.00      0.00         1
           9       0.50      0.33      0.40        12
          10       0.57      0.67      0.62         6
          11       0.00      0.00      0.00         1
          12       0.00      0.00      0.00         9
          13       0.00      0.00      0.00         8
          14       0.33      0.11      0.17         9
          15       0.83      0.62      0.71         8
          16       0.71      0.83      0.77         6
          17       0.50      0.30      0.37        10
          18       0.00      0.00      0.00         4
          19       0.00      0.00      0.00         1
          20       0.33      0.33      0.33         6
          21       0.00      0.00      0.00         6
          22       0.00      0.00      0.00         3

   micro avg       0.31      0.31      0.31       256
   macro avg       0.26      0.25      0.25       256
weighted avg       0.30      0.31      0.30       256

