[*] GradientBoostingClassifier accuracy: 0.369636067355

              precision    recall  f1-score   support

           0       0.36      0.77      0.49      7009
           1       0.38      0.44      0.41      6534
           2       0.34      0.16      0.22      3048
           3       0.52      0.04      0.08      1333
           4       0.33      0.01      0.01       965
           5       0.24      0.00      0.01      1029
           6       0.42      0.16      0.23      1012
           7       0.41      0.09      0.15       811
           8       0.00      0.00      0.00       117
           9       0.51      0.34      0.41       524
          10       0.00      0.00      0.00         1
          11       0.31      0.15      0.21       181
          12       0.00      0.00      0.00        64
          13       0.12      0.00      0.00       641
          14       0.00      0.00      0.00       280
          15       0.25      0.03      0.05       276
          16       0.00      0.00      0.00        32
          17       0.53      0.38      0.44       262
          18       0.60      0.11      0.19       291
          20       0.00      0.00      0.00         1
          21       0.46      0.29      0.36       274
          22       0.36      0.02      0.03       226
          23       0.04      0.03      0.04        29
          24       0.00      0.00      0.00        41
          25       0.29      0.14      0.19       256
          26       0.00      0.00      0.00       298
          27       0.12      0.01      0.02       239

   micro avg       0.37      0.37      0.37     25774
   macro avg       0.25      0.12      0.13     25774
weighted avg       0.36      0.37      0.30     25774

