[*] GradientBoostingClassifier accuracy: 0.151515151515

              precision    recall  f1-score   support

           0       0.00      0.00      0.00         4
           1       0.12      0.25      0.17         4
           2       0.00      0.00      0.00         7
           3       0.60      0.60      0.60         5
           4       0.33      0.50      0.40         2
           5       0.00      0.00      0.00         4
           6       0.00      0.00      0.00         1
           7       0.00      0.00      0.00         1
           8       0.00      0.00      0.00         0
           9       0.00      0.00      0.00         1
          10       0.00      0.00      0.00         1
          11       0.00      0.00      0.00         1
          13       0.00      0.00      0.00         0
          18       0.00      0.00      0.00         0
          19       0.00      0.00      0.00         2
          20       0.00      0.00      0.00         0

   micro avg       0.15      0.15      0.15        33
   macro avg       0.07      0.08      0.07        33
weighted avg       0.13      0.15      0.14        33

