[*] GradientBoostingClassifier accuracy: 0.27545114062

              precision    recall  f1-score   support

           0       0.24      0.11      0.15       222
           1       0.27      0.11      0.15       195
           2       0.19      0.20      0.19       232
           3       0.23      0.56      0.33       351
           4       0.28      0.35      0.31       248
           5       0.23      0.35      0.28       258
           6       0.36      0.17      0.24       258
           7       0.37      0.25      0.30       198
           8       0.00      0.00      0.00        24
           9       0.46      0.34      0.39       115
          10       0.43      0.31      0.36        65
          11       0.00      0.00      0.00         8
          12       0.29      0.13      0.18       150
          13       0.14      0.16      0.15        62
          14       0.26      0.13      0.18        82
          15       0.48      0.53      0.50        59
          16       0.63      0.44      0.52        61
          17       0.58      0.58      0.58        72
          18       0.26      0.45      0.33        53
          19       0.00      0.00      0.00        16
          20       0.43      0.25      0.32        71
          21       0.18      0.08      0.11        76
          22       0.06      0.03      0.04        61

   micro avg       0.28      0.28      0.28      2937
   macro avg       0.28      0.24      0.24      2937
weighted avg       0.29      0.28      0.26      2937

