[*] GradientBoostingClassifier accuracy: 0.269109000452

              precision    recall  f1-score   support

           0       0.21      0.22      0.21       599
           1       0.16      0.28      0.21       587
           2       0.16      0.14      0.15       556
           3       0.21      0.32      0.25       581
           4       0.27      0.36      0.31       581
           5       0.24      0.30      0.26       583
           6       0.39      0.20      0.27       499
           7       0.56      0.49      0.52       456
           8       0.07      0.02      0.03        60
           9       0.56      0.35      0.43       283
          10       0.33      0.31      0.32       112
          11       0.33      0.08      0.12        26
          12       0.19      0.05      0.08       353
          13       0.18      0.36      0.24       119
          14       0.41      0.15      0.22       142
          15       0.00      0.00      0.00         6
          16       0.51      0.46      0.48       136
          17       0.57      0.42      0.48       142
          18       0.46      0.48      0.47       153
          19       0.29      0.41      0.34       155
          20       0.00      0.00      0.00         3
          21       0.00      0.00      0.00        28
          22       0.32      0.25      0.28       134
          23       0.00      0.00      0.00       183
          24       0.27      0.04      0.08       156

   micro avg       0.27      0.27      0.27      6633
   macro avg       0.27      0.23      0.23      6633
weighted avg       0.28      0.27      0.26      6633

