[*] GradientBoostingClassifier accuracy: 0.34563253012

              precision    recall  f1-score   support

           0       0.12      0.06      0.08        52
           1       0.14      0.06      0.08        50
           2       0.04      0.02      0.02        58
           3       0.23      0.09      0.13        69
           4       0.32      0.26      0.29        72
           5       0.21      0.12      0.15        83
           6       0.33      0.17      0.22        72
           7       0.54      0.52      0.53        61
           8       0.00      0.00      0.00        13
           9       0.39      0.46      0.42        61
          10       0.52      0.50      0.51        64
          11       0.17      0.18      0.17        11
          12       0.12      0.25      0.17        60
          13       0.27      0.54      0.36        63
          14       0.45      0.46      0.46        56
          15       0.44      0.48      0.46        64
          16       0.65      0.61      0.63        64
          17       0.62      0.62      0.62        79
          18       0.37      0.57      0.45        65
          19       0.00      0.00      0.00        12
          20       0.58      0.60      0.59        57
          21       0.16      0.30      0.21        71
          22       0.34      0.35      0.35        71

   micro avg       0.35      0.35      0.35      1328
   macro avg       0.31      0.31      0.30      1328
weighted avg       0.34      0.35      0.33      1328

