[*] GradientBoostingClassifier accuracy: 0.368902439024

              precision    recall  f1-score   support

           0       0.00      0.00      0.00        10
           1       0.08      0.08      0.08        12
           2       0.00      0.00      0.00        15
           3       0.08      0.06      0.07        16
           4       0.53      0.41      0.46        22
           5       0.27      0.15      0.19        20
           6       0.38      0.19      0.25        16
           7       0.57      0.44      0.50        18
           8       0.00      0.00      0.00         4
           9       0.42      0.29      0.34        17
          10       0.35      0.38      0.36        16
          11       0.33      0.50      0.40         4
          12       0.08      0.14      0.10        14
          13       0.29      0.46      0.35        13
          14       0.71      0.62      0.67        16
          15       0.50      0.75      0.60        16
          16       0.77      0.71      0.74        14
          17       0.64      0.61      0.62        23
          18       0.48      0.93      0.63        14
          19       0.00      0.00      0.00         5
          20       0.57      0.57      0.57        14
          21       0.29      0.26      0.28        19
          22       0.12      0.30      0.18        10

   micro avg       0.37      0.37      0.37       328
   macro avg       0.32      0.34      0.32       328
weighted avg       0.37      0.37      0.36       328

