[*] GradientBoostingClassifier accuracy: 0.374179431072

              precision    recall  f1-score   support

           0       0.36      0.76      0.49      1736
           1       0.42      0.44      0.43      1632
           2       0.35      0.15      0.21       739
           3       0.41      0.04      0.07       338
           4       0.09      0.00      0.01       268
           5       0.27      0.01      0.03       282
           6       0.41      0.17      0.24       262
           7       0.45      0.15      0.23       198
           8       0.00      0.00      0.00        19
           9       0.49      0.39      0.44       125
          10       0.22      0.24      0.23        54
          11       0.00      0.00      0.00        10
          12       0.11      0.01      0.03       141
          13       0.00      0.00      0.00        58
          14       0.00      0.00      0.00        80
          15       0.48      0.34      0.40        68
          16       0.53      0.37      0.44        51
          17       0.45      0.52      0.49        67
          18       0.12      0.02      0.03        55
          19       0.00      0.00      0.00        15
          20       0.29      0.21      0.24        56
          21       0.06      0.01      0.02        73
          22       0.00      0.00      0.00        71

   micro avg       0.37      0.37      0.37      6398
   macro avg       0.24      0.17      0.17      6398
weighted avg       0.34      0.37      0.31      6398

