[*] GradientBoostingClassifier accuracy: 0.302521008403

              precision    recall  f1-score   support

           0       0.17      0.18      0.17        11
           1       0.10      0.08      0.09        13
           2       0.14      0.29      0.19         7
           3       0.38      0.45      0.42        11
           4       0.22      0.22      0.22         9
           5       0.38      0.21      0.27        14
           6       0.12      0.33      0.18         6
           7       0.60      0.67      0.63         9
           8       0.60      0.38      0.46         8
           9       0.00      0.00      0.00         1
          11       0.00      0.00      0.00         3
          12       0.00      0.00      0.00         1
          13       1.00      0.25      0.40         4
          14       0.33      0.33      0.33         3
          15       0.50      1.00      0.67         2
          16       0.60      1.00      0.75         3
          17       1.00      0.50      0.67         4
          19       0.00      0.00      0.00         1
          20       0.00      0.00      0.00         3
          21       1.00      0.17      0.29         6

   micro avg       0.30      0.30      0.30       119
   macro avg       0.36      0.30      0.29       119
weighted avg       0.37      0.30      0.30       119

