,id,X,Y,Z,id_moules,Nbrs_Moules,H1,H2,H3,H4,H5,H6,H7,H8,H9,H10,H11,H12,H13,H14,H15,H16,GMM_Class
0,0,134622.31,5118629.623,-0.08,510,2,567.15405,0.00095174846,0.0107603455,0.9999994,0.0014246232,0.9985748,6.06623e-07,6.07488e-07,2.7507058e-05,-2.583e-09,-2.687e-09,5097.119,7.26457,0.07000001,-0.07000001,0.0,4
1,1,134625.06,5118631.551,-0.08,510,2,567.15405,0.00095174846,0.0107603455,0.9999994,0.0014246232,0.9985748,6.06623e-07,6.07488e-07,2.7507058e-05,-2.583e-09,-2.687e-09,5097.119,7.26457,0.07,-0.010000005,0.06,4
2,2,134632.23,5118636.915,-0.09,510,2,567.15405,0.00095174846,0.0107603455,0.9999994,0.0014246232,0.9985748,6.06623e-07,6.07488e-07,2.7507058e-05,-2.583e-09,-2.687e-09,5097.119,7.26457,0.07,-0.010000005,0.06,4
3,3,134639.48,5118644.39,-0.05,510,2,567.15405,0.00095174846,0.0107603455,0.9999994,0.0014246232,0.9985748,6.06623e-07,6.07488e-07,2.7507058e-05,-2.583e-09,-2.687e-09,5097.119,7.26457,0.07000001,0.0,0.07000001,4
4,4,134643.8,5118649.832,-0.08,510,2,567.15405,0.00095174846,0.0107603455,0.9999994,0.0014246232,0.9985748,6.06623e-07,6.07488e-07,2.7507058e-05,-2.583e-09,-2.687e-09,5097.119,7.26457,0.07,-0.040000003,0.030000001,4
5,5,134654.5,5118659.878,-0.07,510,2,567.15405,0.00095174846,0.0107603455,0.9999994,0.0014246232,0.9985748,6.06623e-07,6.07488e-07,2.7507058e-05,-2.583e-09,-2.687e-09,5097.119,7.26457,0.07,-0.010000005,0.06,4
6,6,134656.23,5118661.384,-0.07,510,2,686.9048,0.0006551237,0.012724381,0.9999998,0.0017314152,0.9982684,1.62941e-07,1.63223e-07,2.267394e-06,2.374e-09,2.873e-09,6171.456,10.686359,0.040000003,-0.020000003,0.02,4
7,7,134659.08,5118663.309,-0.08,510,2,686.9048,0.0006551237,0.012724381,0.9999998,0.0017314152,0.9982684,1.62941e-07,1.63223e-07,2.267394e-06,2.374e-09,2.873e-09,6171.456,10.686359,0.040000003,-0.020000003,0.02,4
8,8,134664.97,5118666.59,-0.06,510,2,722.53925,0.0007372596,0.016251264,0.9999998,0.002301632,0.9976982,1.749e-07,1.75302e-07,8.7426e-08,2.583e-09,2.687e-09,6487.918,14.933936,0.050000004,-0.010000005,0.04,4
9,9,134679.02,5118677.44,-0.06,510,2,694.2772,0.00076741807,0.018630657,0.9999998,0.0027007405,0.9972991,1.6824e-07,1.68694e-07,1.776353e-06,-1.297e-09,-1.339e-09,6231.6626,16.831154,0.04,-0.02,0.02,4
10,10,134686.84,5118686.674,-0.05,510,2,602.16534,0.00074903935,0.034711737,0.99999994,0.005649079,0.99435085,7.5236e-08,7.5661e-08,1.87482e-07,-1.228e-09,-1.405e-09,5389.0444,30.443544,0.04,-0.02,0.02,4
11,11,134691.3,5118693.893,-0.04,510,2,630.79456,0.00074622483,0.036855005,0.99999994,0.0060709994,0.9939289,6.9279e-08,6.97e-08,3.16429e-07,4e-11,-4.2e-11,5642.8926,34.258392,0.04,-0.029999997,0.010000002,4
12,12,134692.58,5118695.746,-0.06,510,2,585.9595,0.00077914644,0.017341694,0.9999998,0.0024831037,0.9975167,1.91418e-07,1.91894e-07,6.04467e-07,-2.943e-09,-2.287e-09,5260.571,13.063552,0.030000001,-0.030000001,0.0,4
13,13,134694.38,5118699.032,-0.05,510,2,585.9595,0.00077914644,0.017341694,0.9999998,0.0024831037,0.9975167,1.91418e-07,1.91894e-07,6.04467e-07,-2.943e-09,-2.287e-09,5260.571,13.063552,0.030000001,-0.010000002,0.02,4
14,14,134699.11,5118705.68,-0.04,510,2,585.9595,0.00077914644,0.017341694,0.9999998,0.0024831037,0.9975167,1.91418e-07,1.91894e-07,6.04467e-07,-2.943e-09,-2.287e-09,5260.571,13.063552,0.030000001,-0.02,0.010000002,4
15,15,134705.19,5118713.078,-0.04,510,2,553.16943,0.00065441005,0.012219752,0.9999998,0.0016520516,0.99834776,1.70183e-07,1.70464e-07,9.018664e-06,1.521e-09,1.081e-09,4970.312,8.212059,0.030000001,-0.030000001,0.0,4
16,16,134714.1,5118722.281,-0.04,510,2,560.4918,0.0007098274,0.013845896,0.9999998,0.0019097431,0.9980901,1.87974e-07,1.88333e-07,5.45534e-07,2.806e-09,2.451e-09,5034.8096,9.61614,0.030000001,-0.030000001,0.0,4
17,17,134715.62,5118724.135,-0.07,510,2,612.8155,0.00085607474,0.024838643,0.9999998,0.0037902119,0.9962096,1.66778e-07,1.6741e-07,4.053864e-06,0.0,-0.0,5494.512,20.826286,0.030000001,-0.030000001,0.0,4
18,18,134726.98,5118735.718,-0.05,510,2,568.6476,0.001070526,0.032847133,0.99999976,0.005286553,0.9947132,2.3452e-07,2.3576e-07,6.27679e-07,-2.488e-09,-2.775e-09,5090.9126,26.914577,0.04,0.0,0.04,4
19,19,134729.75,5118737.876,-0.04,510,2,408.91937,0.0016144895,0.045772728,0.99999946,0.007889411,0.99211,5.41823e-07,5.46099e-07,8.283686e-06,1.225e-09,1.408e-09,3651.4624,28.809883,0.049999997,-0.029999997,0.020000001,4
20,20,134733.61,5118740.323,-0.04,510,2,408.91937,0.0016144895,0.045772728,0.99999946,0.007889411,0.99211,5.41823e-07,5.46099e-07,8.283686e-06,1.225e-09,1.408e-09,3651.4624,28.809883,0.049999997,-0.04,0.01,4
21,21,134741.03,5118743.786,-0.06,510,2,364.46664,0.0014792302,0.036836192,0.99999946,0.0060653873,0.9939341,5.40086e-07,5.43363e-07,1.766438e-05,2.004e-09,3.142e-09,3260.4207,19.777485,0.049999997,-0.04,0.01,4
22,22,134743.23,5118744.614,-0.03,510,2,364.46664,0.0014792302,0.036836192,0.99999946,0.0060653873,0.9939341,5.40086e-07,5.43363e-07,1.766438e-05,2.004e-09,3.142e-09,3260.4207,19.777485,0.049999997,-0.02,0.03,4
23,23,134750.61,5118748.749,-0.08,510,2,364.46664,0.0014792302,0.036836192,0.99999946,0.0060653873,0.9939341,5.40086e-07,5.43363e-07,1.766438e-05,2.004e-09,3.142e-09,3260.4207,19.777485,0.049999997,-0.049999997,0.0,4
24,24,134752.56,5118750.027,-0.08,510,2,432.40485,0.0011071165,0.025886904,0.99999964,0.003979871,0.9960198,3.43656e-07,3.45024e-07,3.6020032e-05,-1.032e-09,-1.551e-09,3876.214,15.42817,0.049999997,0.0,0.049999997,4
25,25,134761.53,5118755.894,-0.07,510,2,536.1574,0.0011587729,0.027453097,0.99999964,0.00426736,0.99573225,3.67703e-07,3.69273e-07,3.64961e-07,1.057e-09,1.534e-09,4804.9087,20.50605,0.08,-0.030000001,0.049999997,4
26,26,134773.42,5118766.245,-0.07,510,2,673.7394,0.0010333318,0.026605494,0.9999997,0.0041116164,0.9958881,2.70547e-07,2.7166e-07,5.65173e-07,-2.296e-09,-2.936e-09,6038.822,24.830957,0.08,-0.04,0.04,4
27,27,134785.23,5118777.591,-0.11,510,2,773.12445,0.0006662558,0.0073020034,0.9999997,0.00091270334,0.999087,3.24513e-07,3.24809e-07,1.539292e-05,8.9e-11,-7.5e-11,6951.7705,6.3471622,0.08,-0.04,0.04,4
28,28,134789.61,5118781.48,-0.11,510,2,773.55347,0.0011348353,0.05191358,0.9999998,0.009202336,0.9907975,1.61752e-07,1.6324e-07,1.3465439e-05,1.116e-09,1.491e-09,6898.497,63.483414,0.05,0.0,0.05,4
29,29,134793.95,5118785.359,-0.1,510,2,773.55347,0.0011348353,0.05191358,0.9999998,0.009202336,0.9907975,1.61752e-07,1.6324e-07,1.3465439e-05,1.116e-09,1.491e-09,6898.497,63.483414,0.05,0.0,0.05,4
30,30,134796.72,5118787.507,-0.08,510,2,709.72943,0.0016507963,0.101782426,0.99999976,0.021415764,0.978584,2.19153e-07,2.23847e-07,6.717731e-06,0.0,0.0,6253.6357,133.9278,0.05,-0.009999998,0.040000003,4
31,31,134800.58,5118790.294,-0.1,510,2,600.91943,0.0018039454,0.10174647,0.9999997,0.021405663,0.97859406,2.8611e-07,2.92234e-07,3.206558e-06,-7.75e-10,-1.695e-09,5294.9307,113.34305,0.05,-0.030000001,0.02,4
32,32,134813.84,5118797.931,-0.08,510,2,600.91943,0.0018039454,0.10174647,0.9999997,0.021405663,0.97859406,2.8611e-07,2.92234e-07,3.206558e-06,-7.75e-10,-1.695e-09,5294.9307,113.34305,0.05,-0.009999998,0.040000003,4
33,33,134824.66,5118797.963,-0.06,510,2,594.6918,0.0011610065,0.05676296,0.9999998,0.01026968,0.9897302,1.5553e-07,1.57128e-07,3.71646e-07,1.426e-09,3.442e-09,5297.818,54.407722,0.05,-0.030000001,0.02,4
34,34,134835.3,5118799.673,-0.06,510,2,655.4139,0.0016319094,0.049035333,0.99999946,0.008580526,0.99141896,5.15193e-07,5.19614e-07,7.090474e-06,-7.14e-10,-1.72e-09,5848.535,50.18655,0.06,-0.06,0.0,4
35,35,134837.48,5118800.721,-0.07,510,2,706.7482,0.0023249658,0.10768137,0.9999994,0.02303322,0.9769662,5.71037e-07,5.84191e-07,3.4679e-08,-9.61e-10,-1.6e-09,6217.5176,143.21307,0.07,-0.06,0.009999998,4
36,36,134847.62,5118807.445,-0.07,510,2,706.7482,0.0023249658,0.10768137,0.9999994,0.02303322,0.9769662,5.71037e-07,5.84191e-07,3.4679e-08,-9.61e-10,-1.6e-09,6217.5176,143.21307,0.07,-0.049999997,0.02,4
37,37,134853.44,5118813.401,-0.12,510,2,573.4698,0.0031659023,0.16477033,0.9999991,0.040583473,0.9594157,8.46621e-07,8.80982e-07,5.877e-09,2.455e-09,2.804e-09,4959.928,201.29549,0.07,-0.049999997,0.02,4
38,38,134623.39,5118816.123,-0.01,510,2,588.72034,0.00254606,0.0989533,0.99999917,0.020649003,0.97935015,8.32613e-07,8.49807e-07,2.86304e-07,3.9e-11,-4.3e-11,5191.2793,107.19915,0.06999999,0.0,0.06999999,4
39,39,134858.9,5118821.373,-0.07,510,2,606.5083,0.0013620397,0.017169988,0.999999,0.0024514883,0.99754745,1.035343e-06,1.037883e-06,3.978882e-06,9.68e-10,1.596e-09,5445.215,13.354531,0.09,-0.07,0.02,4
40,40,134639.25,5118825.574,-0.08,510,2,572.331,0.0018944897,0.045495387,0.9999991,0.007829926,0.9921692,8.81954e-07,8.88861e-07,1.43887e-07,2.967e-09,2.253e-09,5110.9517,40.022915,0.07,-0.049999997,0.02,4
41,41,134861.27,5118825.648,-0.05,510,2,606.5083,0.0013620397,0.017169988,0.999999,0.0024514883,0.99754745,1.035343e-06,1.037883e-06,3.978882e-06,9.68e-10,1.596e-09,5445.215,13.354531,0.089999996,0.0,0.089999996,4
42,42,134648.05,5118828.004,-0.07,510,2,572.331,0.0018944897,0.045495387,0.9999991,0.007829926,0.9921692,8.81954e-07,8.88861e-07,1.43887e-07,2.967e-09,2.253e-09,5110.9517,40.022915,0.06999999,-0.06999999,0.0,4
43,43,134660.16,5118832.561,-0.01,510,2,606.5083,0.0013620397,0.017169988,0.999999,0.0024514883,0.99754745,1.035343e-06,1.037883e-06,3.978882e-06,9.68e-10,1.596e-09,5445.215,13.354531,0.089999996,-0.009999998,0.08,4
44,44,134865.4,5118832.979,-0.05,510,2,606.5083,0.0013620397,0.017169988,0.999999,0.0024514883,0.99754745,1.035343e-06,1.037883e-06,3.978882e-06,9.68e-10,1.596e-09,5445.215,13.354531,0.09,-0.07,0.02,4
45,45,134662.67,5118834.048,-0.03,510,2,605.5558,0.0017755684,0.03066643,0.9999988,0.004866145,0.9951327,1.161292e-06,1.166946e-06,1.2435e-06,1.529e-09,1.063e-09,5423.597,26.39834,0.08,-0.06999999,0.010000002,4
46,46,134665.19,5118835.865,-0.01,510,2,606.5083,0.0013620397,0.017169988,0.999999,0.0024514883,0.99754745,1.035343e-06,1.037883e-06,3.978882e-06,9.68e-10,1.596e-09,5445.215,13.354531,0.089999996,-0.049999997,0.04,4
47,47,134869.14,5118839.225,-0.1,510,2,513.1076,0.0010696584,0.018546699,0.9999995,0.0026854451,0.9973141,4.58116e-07,4.59346e-07,3.572451e-05,-1.825e-09,-3.248e-09,4605.596,12.370192,0.09,-0.07,0.02,4
48,48,134672.1,5118840.128,-0.03,510,2,641.92163,0.00096351607,0.0048210667,0.9999984,0.00056481897,0.9994336,1.581052e-06,1.58195e-06,2.127517e-06,-3.218e-09,-1.88e-09,5774.015,3.2704074,0.12,-0.019999996,0.1,4
49,49,134682.56,5118846.519,-0.02,510,2,513.1076,0.0010696584,0.018546699,0.9999995,0.0026854451,0.9973141,4.58116e-07,4.59346e-07,3.572451e-05,-1.825e-09,-3.248e-09,4605.596,12.370192,0.089999996,-0.049999997,0.04,4
50,50,134684.83,5118847.785,0.01,510,2,444.61606,0.0005350896,0.005579438,0.99999976,0.0006715126,0.99932826,2.28382e-07,2.28535e-07,0.00013084107,-9.38e-10,-1.609e-09,3998.8574,2.686197,0.04,-0.01,0.03,4
51,51,134875.23,5118849.515,-0.1,510,2,444.61606,0.0005350896,0.005579438,0.99999976,0.0006715126,0.99932826,2.28382e-07,2.28535e-07,0.00013084107,-9.38e-10,-1.609e-09,3998.8574,2.686197,0.04,-0.04,0.0,4
52,52,134876.52,5118851.479,-0.1,510,2,665.65137,0.00038872886,0.0008413795,0.9999993,7.8794605e-05,0.9999205,7.38688e-07,7.38747e-07,0.0043062223,-1.53e-09,-1.064e-09,5990.3813,0.4764351,0.12,-0.019999996,0.1,4
53,53,134694.03,5118853.873,0.01,510,2,720.43134,0.0005992846,0.0022270747,0.9999991,0.00023593135,0.99976313,9.09179e-07,9.09395e-07,0.0007082439,3e-11,-5e-11,6482.341,1.5352824,0.1,0.0,0.1,4
54,54,134701.86,5118857.101,-0.01,510,2,447.55466,0.00055789103,0.00530183,0.9999997,0.00063347205,0.9993662,2.74336e-07,2.7451e-07,7.54158e-05,1.027e-09,1.558e-09,4025.4397,2.5511086,0.04,-0.04,0.0,4
55,55,134703.64,5118857.834,-0.01,510,2,441.84436,0.0007821979,0.009977886,0.99999964,0.0013064446,0.99869317,3.67174e-07,3.67654e-07,7.461801e-06,1e-10,-5.9e-11,3971.4077,5.1898847,0.04,-0.02,0.02,4
56,56,134709.69,5118860.999,-0.02,510,2,441.84436,0.0007821979,0.009977886,0.99999964,0.0013064446,0.99869317,3.67174e-07,3.67654e-07,7.461801e-06,1e-10,-5.9e-11,3971.4077,5.1898847,0.04,-0.02,0.02,4
57,57,134883.27,5118861.304,-0.04,510,2,495.93542,0.00083046465,0.020547159,0.9999998,0.003029833,0.99697,1.90171e-07,1.90748e-07,2.6105701e-05,-4.9e-11,3.1e-11,4449.9346,13.483408,0.03,0.0,0.03,4
58,58,134713.55,5118863.676,-0.01,510,2,664.35016,0.0008552141,0.006091258,0.99999917,0.0007403019,0.9992589,8.45209e-07,8.45836e-07,0.00044569318,3.202e-09,1.904e-09,5974.7183,4.4281487,0.1,-0.060000002,0.04,4
59,59,134721.03,5118869.029,-0.02,510,2,495.93542,0.00083046465,0.020547159,0.9999998,0.003029833,0.99697,1.90171e-07,1.90748e-07,2.6105701e-05,-4.9e-11,3.1e-11,4449.9346,13.483408,0.03,-0.01,0.02,4
60,60,134890.58,5118873.771,0.0,510,2,566.1288,0.0006746173,0.022795634,0.9999999,0.0034246892,0.99657524,9.0263e-08,9.0572e-08,2.455388e-05,0.0,-0.0,5077.7686,17.390238,0.03,0.0,0.03,4
61,61,134729.56,5118875.684,-0.02,510,2,561.2997,0.0013255313,0.017537862,0.99999905,0.0025134713,0.9974856,9.3093e-07,9.33271e-07,0.00014237303,1.685e-09,7.97e-10,5039.0225,12.670141,0.1,-0.1,0.0,4
62,62,134893.0,5118877.823,-0.05,510,2,675.04926,0.00075045886,0.032690756,0.99999994,0.0052570417,0.9947429,8.1243e-08,8.167e-08,1.7003751e-05,-2.249e-09,-2.97e-09,6043.6704,31.77232,0.04,0.0,0.04,4
63,63,134740.48,5118885.061,0.01,510,2,561.2997,0.0013255313,0.017537862,0.99999905,0.0025134713,0.9974856,9.3093e-07,9.33271e-07,0.00014237303,1.685e-09,7.97e-10,5039.0225,12.670141,0.1,-0.05,0.05,4
64,64,134744.77,5118889.054,-0.01,510,2,998.4172,0.0012498575,0.051592126,0.99999976,0.00913232,0.99086744,2.17714e-07,2.19702e-07,3.696113e-06,2.658e-09,2.611e-09,8904.433,81.32009,0.059999995,-0.049999997,0.01,4
65,65,134898.03,5118888.804,-0.06,510,2,1119.2074,0.0014273067,0.064859875,0.99999976,0.012111604,0.98788816,2.45923e-07,2.48901e-07,7.63539e-07,-1.383e-09,-1.249e-09,9952.323,120.54108,0.06,-0.03,0.03,4
66,66,134898.78,5118891.118,-0.06,510,2,378.87637,0.0011540256,0.013443232,0.99999917,0.0018432062,0.99815595,8.36519e-07,8.38062e-07,5.96325e-07,-1.663e-09,-8.48e-10,3403.6082,6.2764044,0.09,-0.030000005,0.06,4
67,67,134899.95,5118894.537,-0.09,510,2,378.87637,0.0011540256,0.013443232,0.99999917,0.0018432062,0.99815595,8.36519e-07,8.38062e-07,5.96325e-07,-1.663e-09,-8.48e-10,3403.6082,6.2764044,0.09,-0.030000005,0.06,4
68,68,134755.16,5118901.884,0.02,510,2,336.60135,0.0006712315,0.005981993,0.9999996,0.0007264183,0.9992732,4.16689e-07,4.16992e-07,0.00067800283,1.738e-09,6.71e-10,3027.2104,2.2002833,0.09,0.0,0.09,4
69,69,134904.06,5118905.874,-0.06,510,2,1058.7098,0.0015213308,0.06469536,0.9999997,0.012073198,0.9879265,2.98718e-07,3.02325e-07,2.30686e-07,-1.62e-09,-9.27e-10,9414.717,113.668594,0.06,-0.06,0.0,4
70,70,134904.89,5118908.185,-0.08,510,2,339.71875,0.00049363245,0.0028269386,0.99999964,0.00031050338,0.9996891,3.87145e-07,3.87266e-07,0.00044734328,3.46e-09,1.384e-09,3056.5173,0.9502427,0.040000003,-0.030000005,0.009999998,4
71,71,134906.14,5118911.491,-0.08,510,2,328.95288,0.00025504647,0.00056087854,0.9999997,5.0741743e-05,0.9999489,3.24911e-07,3.24928e-07,0.002239562,1.736e-09,6.76e-10,2960.4238,0.15117899,0.040000003,-0.010000005,0.029999997,4
72,72,134761.84,5118914.274,-0.04,510,2,328.95288,0.00025504647,0.00056087854,0.9999997,5.0741743e-05,0.9999489,3.24911e-07,3.24928e-07,0.002239562,1.736e-09,6.76e-10,2960.4238,0.15117899,0.040000003,-0.010000005,0.029999997,4
73,73,134907.81,5118916.002,-0.08,510,2,998.2168,0.0014797368,0.053848136,0.99999964,0.009624029,0.99037564,3.43163e-07,3.46466e-07,6.46761e-07,-1.627e-09,-9.07e-10,8898.308,85.64065,0.06,0.0,0.06,4
74,74,134764.27,5118920.989,-0.02,510,2,328.95288,0.00025504647,0.00056087854,0.9999997,5.0741743e-05,0.9999489,3.24911e-07,3.24928e-07,0.002239562,1.736e-09,6.76e-10,2960.4238,0.15117899,0.040000003,-0.010000005,0.029999997,4
75,75,134911.6,5118927.351,-0.05,510,2,934.5915,0.0012306438,0.03440502,0.99999964,0.0055881664,0.99441147,3.37243e-07,3.39127e-07,1.37917e-07,0.0,-0.0,8364.575,46.745472,0.06,-0.02,0.04,4
76,76,134913.05,5118931.981,-0.05,510,2,452.45654,0.0009781393,0.026503276,0.99999976,0.004093017,0.9959068,2.30506e-07,2.3145e-07,1.3968599e-05,-3.37e-09,-1.591e-09,4055.5078,16.6002,0.040000003,-0.040000003,0.0,4
77,77,134768.89,5118934.208,0.0,510,2,490.48834,0.00097530155,0.02728041,0.99999976,0.00423602,0.9957638,2.20855e-07,2.21791e-07,1.6721388e-05,3.336e-09,1.659e-09,4395.7725,18.621555,0.029999997,-0.029999997,0.0,4
78,78,134769.58,5118936.635,0.01,510,2,699.55475,0.0005359524,0.003867537,0.99999964,0.00044262747,0.999557,3.47844e-07,3.47998e-07,0.00013191171,1.786e-09,5.43e-10,6293.2026,2.7877343,0.06,-0.04,0.02,4
79,79,134915.44,5118937.376,-0.07,510,2,699.55475,0.0005359524,0.003867537,0.99999964,0.00044262747,0.999557,3.47844e-07,3.47998e-07,0.00013191171,1.786e-09,5.43e-10,6293.2026,2.7877343,0.059999995,-0.049999997,0.01,4
80,80,134919.86,5118944.036,-0.05,510,2,490.48834,0.00097530155,0.02728041,0.99999976,0.00423602,0.9957638,2.20855e-07,2.21791e-07,1.6721388e-05,3.336e-09,1.659e-09,4395.7725,18.621555,0.029999997,-0.009999998,0.02,4
81,81,134772.83,5118945.561,-0.01,510,2,617.6919,0.00088147,0.021572601,0.99999976,0.0032085646,0.99679124,2.14815e-07,2.15505e-07,1.6989434e-05,3.355e-09,1.62e-09,5541.445,17.781277,0.04,-0.029999997,0.010000002,4
82,82,134776.77,5118956.684,-0.03,510,2,699.55475,0.0005359524,0.003867537,0.99999964,0.00044262747,0.999557,3.47844e-07,3.47998e-07,0.00013191171,1.786e-09,5.43e-10,6293.2026,2.7877343,0.06,-0.03,0.03,4
83,83,134928.72,5118957.025,-0.07,510,2,697.3536,0.00060420454,0.0045155804,0.9999996,0.0005274163,0.99947214,4.18324e-07,4.18545e-07,6.8382484e-05,-1.76e-09,-6.14e-10,6272.8687,3.3110387,0.08,-0.04,0.04,4
84,84,134931.08,5118961.3,-0.08,510,2,801.27295,0.0007267237,0.014694384,0.9999998,0.00204657,0.99795324,1.88286e-07,1.88671e-07,5.478231e-06,1.686e-09,7.94e-10,7196.725,14.729959,0.04,-0.009999998,0.030000001,4
85,85,134779.95,5118965.823,-0.03,510,2,801.27295,0.0007267237,0.014694384,0.9999998,0.00204657,0.99795324,1.88286e-07,1.88671e-07,5.478231e-06,1.686e-09,7.94e-10,7196.725,14.729959,0.04,0.0,0.04,4
86,86,134782.19,5118971.104,-0.01,510,2,690.3315,0.0006676017,0.006502062,0.99999964,0.00079911214,0.9992005,3.72766e-07,3.73064e-07,2.3735422e-05,-1.77e-09,-5.93e-10,6208.0176,4.963218,0.08,-0.04,0.04,4
87,87,134783.1,5118973.302,-0.01,510,2,690.3315,0.0006676017,0.006502062,0.99999964,0.00079911214,0.9992005,3.72766e-07,3.73064e-07,2.3735422e-05,-1.77e-09,-5.93e-10,6208.0176,4.963218,0.08,-0.060000002,0.02,4
88,88,134936.83,5118973.265,-0.04,510,2,690.3315,0.0006676017,0.006502062,0.99999964,0.00079911214,0.9992005,3.72766e-07,3.73064e-07,2.3735422e-05,-1.77e-09,-5.93e-10,6208.0176,4.963218,0.08,-0.060000002,0.02,4
89,89,134941.5,5118985.812,-0.04,510,2,808.60974,0.00091995095,0.030639501,0.9999998,0.0048647574,0.99513507,1.61597e-07,1.62383e-07,8.4158e-08,4.7e-11,-1.07e-10,7242.254,35.232983,0.04,-0.04,0.0,4
90,90,134942.67,5118989.231,-0.05,510,2,574.94055,0.0008591792,0.024544287,0.9999998,0.0037370685,0.9962628,1.70978e-07,1.71617e-07,2.8300105e-05,-3.566e-09,-1.079e-09,5155.1978,19.26621,0.04,-0.04,0.0,4
91,91,134790.36,5118989.674,-0.01,510,2,574.94055,0.0008591792,0.024544287,0.9999998,0.0037370685,0.9962628,1.70978e-07,1.71617e-07,2.8300105e-05,-3.566e-09,-1.079e-09,5155.1978,19.26621,0.04,-0.029999997,0.010000002,4
92,92,134793.47,5118996.143,-0.07,510,2,661.4828,0.0009971076,0.0052267145,0.9999984,0.00061943545,0.999379,1.598273e-06,1.599268e-06,0.00019710447,3.36e-09,1.609e-09,5949.6406,3.6949334,0.13,-0.060000002,0.07,4
93,93,134945.22,5118997.383,-0.05,510,2,679.79175,0.00069483335,0.002280875,0.9999986,0.00024113378,0.99975747,1.383916e-06,1.384254e-06,0.0010391007,3.29e-09,1.75e-09,6116.634,1.4833939,0.13,0.0,0.13,4
94,94,134614.7,5118998.778,-0.06,510,2,507.33823,0.0012306025,0.026486492,0.9999995,0.0040890854,0.99591047,4.59434e-07,4.61313e-07,6.075557e-06,1.6e-11,-5.6e-11,4547.445,18.596989,0.049999997,-0.029999997,0.020000001,4
95,95,134616.45,5119000.284,-0.04,510,2,164.49065,0.005418986,0.68748564,0.9999988,0.80766726,0.19233158,6.43812e-07,1.163799e-06,1.702171e-06,-3.288e-09,1.754e-09,818.96375,661.4511,0.060000002,-0.040000003,0.02,4
96,96,134615.2,5119002.433,-0.05,510,2,164.49065,0.005418986,0.68748564,0.9999988,0.80766726,0.19233158,6.43812e-07,1.163799e-06,1.702171e-06,-3.288e-09,1.754e-09,818.96375,661.4511,0.060000002,-0.060000002,0.0,4
97,97,134618.81,5119001.556,-0.05,510,2,164.49065,0.005418986,0.68748564,0.9999988,0.80766726,0.19233158,6.43812e-07,1.163799e-06,1.702171e-06,-3.288e-09,1.754e-09,818.96375,661.4511,0.060000002,-0.05,0.010000002,4
98,98,134797.53,5119003.598,-0.06,510,2,164.49065,0.005418986,0.68748564,0.9999988,0.80766726,0.19233158,6.43812e-07,1.163799e-06,1.702171e-06,-3.288e-09,1.754e-09,818.96375,661.4511,0.060000002,-0.05,0.010000002,4
99,99,134615.22,5119006.216,-0.08,510,2,679.79175,0.00069483335,0.002280875,0.9999986,0.00024113378,0.99975747,1.383916e-06,1.384254e-06,0.0010391007,3.29e-09,1.75e-09,6116.634,1.4833939,0.13,-0.010000002,0.12,4
