            id           X            Y       Z  Nbrs_Moules id_moules
0    107517451  252015.000  5188951.000   1.027            1       146
1    107517921  252015.000  5188952.000   1.027            1       146
2    107517452  252016.000  5188951.000   1.050            1       146
3    107517922  252016.000  5188952.000   1.046            1       146
4     92487030  245730.000  5178115.000   0.380           40       163
5    104690639  251011.000  5187514.000  13.462            0       166
6    104691150  251010.000  5187515.000  13.440            0       166
7    104691151  251011.000  5187515.000  13.452            0       166
8      4426325  141340.000  5128549.000  13.708            0       174
9      4426837  141340.000  5128550.000  13.585            0       174
10     4426838  141341.000  5128550.000  13.585            0       174
11   104796906  251089.000  5187736.000  12.880            1       175
12   104796907  251090.000  5187736.000  12.844            1       175
13   104797227  251089.000  5187737.000  12.938            1       175
14   104797228  251090.000  5187737.000  12.904            1       175
15   111441635  252019.000  5189395.000   0.247            1       177
16   111442147  252019.000  5189396.000   0.265            1       177
17   111442148  252020.000  5189396.000   0.250            1       177
18   221952258  277897.000  5211011.000  14.431            0       184
19   221952259  277898.000  5211011.000  14.602            0       184
20   221952771  277898.000  5211012.000  14.582            0       184
21   105715296  252009.000  5188284.000  19.667            0       186
22   105715297  252010.251  5188283.667  19.800            0       186
23   105715759  252010.000  5188285.000  19.716            0       186
24    28292422  160969.000  5143402.000   9.520            1       187
25    28292931  160969.000  5143403.000   9.606            1       187
26   176436681  277545.370  5200340.940   9.217            3       189
27   104747896  251011.000  5187626.000   5.228           16       192
28   104747897  251012.000  5187626.000   5.310           16       192
29   104748399  251012.000  5187627.000   5.346           16       192
30       72148  136955.171  5126110.696   5.984            2       194
31    77089008  202214.000  5172140.000  15.407            3       195
32    77089100  202214.000  5172141.000  15.407            3       195
33    77089101  202215.000  5172141.000  15.407            3       195
34   104690715  251087.000  5187514.000  14.366           20       206
35   104690716  251088.000  5187514.000  14.410           20       206
36   104691227  251087.000  5187515.000  14.368           20       206
37   104746700  251317.000  5187623.000  17.200            1       207
38   104746701  251318.000  5187623.000  17.198            1       207
39   104747200  251317.000  5187624.000  17.168            1       207
40   107425214  252014.000  5188728.000  -3.428            2       212
41   107425558  252013.000  5188729.000  -3.465            2       212
42   107425559  252014.000  5188729.000  -3.381            2       212
43    71023297  198526.000  5171315.000   6.334            2       215
44    71023425  198526.000  5171316.000   6.302            2       215
45    71023298  198527.000  5171315.000   6.399            2       215
46    71023426  198527.000  5171316.000   6.370            2       215
47   111328405  251941.000  5189174.000   0.681            4       216
48   111328917  251941.000  5189175.000   0.665            4       216
49   111328406  251942.000  5189174.000   0.671            4       216
50    75804906  199076.000  5172083.000   2.017           28       217
51    75805278  199075.000  5172084.000   1.998           28       217
52    75805279  199076.000  5172084.000   2.011           28       217
53    60838214  209890.000  5168790.000   8.531            3       218
54    60838725  209889.000  5168791.000   8.513            3       218
55    60838726  209890.000  5168791.000   8.529            3       218
56    94081443  245655.000  5178228.000   0.690           13       222
57   178722057  284930.000  5200423.000  13.593            0       230
58   178722550  284930.000  5200424.000  13.654            0       230
59    71296998  199364.000  5171079.000   5.623            2       232
60    94081533  245501.000  5178229.000   1.480            6       237
61    94081534  245502.000  5178229.000   1.410            6       237
62    94081637  245502.000  5178230.000   1.390            6       237
63   111170275  251788.000  5189175.000   0.286            1       239
64   111170414  251788.000  5189176.000   0.297            1       239
65   111170276  251789.000  5189175.000   0.298            1       239
66   111170415  251789.000  5189176.000   0.332            1       239
67     2495977  137216.000  5127215.000  12.189           10       242
68     2496489  137216.000  5127216.000  11.976           10       242
69    48905372  188076.000  5161279.000  14.723            2       246
70    48905373  188077.000  5161279.000  14.731            2       246
71   208704848  283661.000  5207430.000   8.294            1       248
72   208705234  283660.000  5207431.000   8.352            1       248
73   208705235  283661.000  5207431.000   8.340            1       248
74    25526072  159007.000  5141781.000   8.751            2       250
75    25526073  159008.000  5141781.000   8.684            2       250
76    25526584  159007.000  5141782.000   8.728            2       250
77   107424738  252242.000  5188726.000   3.795            7       252
78   107425082  252242.000  5188727.000   3.792            7       252
79   107425083  252243.000  5188727.000   3.759            7       252
80   104691510  250858.000  5187516.000   0.788            1       253
81   104692022  250858.000  5187517.000   0.774            1       253
82   104691511  250859.000  5187516.000   0.782            1       253
83   104692023  250859.000  5187517.000   0.768            1       253
84   133841836  273629.000  5194024.000   5.697            1       262
85   133841837  273630.000  5194024.000   5.747            1       262
86   133842322  273629.000  5194025.000   5.711            1       262
87   133842323  273630.000  5194025.000   5.817            1       262
88   132003285  256938.000  5194023.000   5.771            0       269
89   132003286  256939.000  5194023.000   5.564            0       269
90   132003697  256938.000  5194024.000   5.920            0       269
91   104747472  251088.000  5187625.000  10.756            5       270
92   104747973  251088.000  5187626.000  10.760            5       270
93   104747473  251089.000  5187625.000  10.808            5       270
94   104747974  251089.000  5187626.000  10.812            5       270
95    31267094  164023.000  5145777.000  12.110            1       272
96    31267606  164023.000  5145778.000  12.156            1       272
97    31267095  164024.000  5145777.000  12.093            1       272
98    31267607  164024.000  5145778.000  12.172            1       272
99   204841468  283581.000  5206430.000   3.554            4       274
100  204841980  283581.000  5206431.000   3.556            4       274
101  204841981  283582.000  5206431.000   3.448            4       274
102  107516743  252244.000  5188949.000   3.046            5       277
103  107517211  252244.000  5188950.000   3.021            5       277
104  107516744  252245.000  5188949.000   3.026            5       277
105  104691074  250934.000  5187515.000   7.904            0       278
106  104691075  250935.000  5187515.000   7.880            0       278
107  104691586  250934.000  5187516.000   7.824            0       278
108  104691587  250935.000  5187516.000   7.800            0       278
109  130198572  256550.000  5193248.000   9.052            0       283
110  130198573  256551.000  5193248.000   9.075            0       283
111  130198691  256551.000  5193249.000   9.099            0       283
112  104173664  251009.000  5187292.000  13.224            7       284
113  104174175  251008.000  5187293.000  13.242            7       284
114  104174176  251009.000  5187293.000  13.240            7       284
115   19627605  153786.000  5139128.000   8.519            5       289
116   19627606  153787.000  5139128.000   8.565            5       289
117   19628069  153786.000  5139129.000   8.548            5       289
118   19628070  153787.000  5139129.000   8.578            5       289
119  188672889  284252.000  5202648.000   5.233            0       290
120  188673401  284252.000  5202649.000   5.258            0       290
121  188672890  284253.000  5202648.000   5.236            0       290
122  188673402  284253.000  5202649.000   5.237            0       290
123  134095535  257322.000  5194465.000   8.597            0       292
124  134095536  257323.000  5194465.000   8.520            0       292
125  186241313  283260.000  5201874.000   6.553            6       295
126  186241314  283261.000  5201874.000   6.563            6       295
127  186241744  283260.000  5201875.000   6.573            6       295
128  208079896  282292.170  5207434.840  11.322            5       296
129   38656137  171743.000  5150718.000   5.336            3       297
130   38656624  171743.000  5150719.000   5.372            3       297
131   38656625  171744.000  5150719.000   5.308            3       297
132   94081566  245425.000  5178230.000   0.910            2       298
133  128503422  256167.000  5192917.000   8.012            0       300
134  128503913  256167.000  5192918.000   8.050            0       300
135  128503914  256168.000  5192918.000   8.081            0       300
136  149940593  278290.000  5196780.000   9.477            0       301
137  149941105  278290.000  5196781.000   9.645            0       301
138  149940594  278291.000  5196780.000   9.544            0       301
139  149941106  278291.000  5196781.000   9.617            0       301
140   95961743  245899.000  5179781.000  16.305            2       303
141   95962068  245899.000  5179782.000  16.233            2       303
142   94081412  245578.000  5178228.000   3.210            5       306
143   40970209  171801.000  5153386.000   9.261           14       309
144   40970210  171802.000  5153386.000   9.257           14       309
145   40970696  171802.000  5153387.000   9.103           14       309
146   77540174  200462.000  5172615.000   3.922           24       313
147   77540175  200463.000  5172615.000   3.922           24       313
148   77540678  200462.000  5172616.000   3.809           24       313
149   77540679  200463.000  5172616.000   3.818           24       313
150    3929673  141562.000  5128210.000  10.617            0       322
151    3930005  141562.000  5128211.000  10.889            0       322
152    3929674  141563.000  5128210.000  10.585            0       322
153    3930006  141563.000  5128211.000  10.715            0       322
154  104747123  251240.000  5187624.000  15.710            1       325
155  104747124  251241.000  5187624.000  15.752            1       325
156  104747625  251241.000  5187625.000  15.722            1       325
157   26510634  160787.000  5142183.000   6.600            2       328
158    2279028  136676.000  5127230.000  13.644            0       339
159    2279029  136677.000  5127230.000  13.620            0       339
160    2279540  136676.000  5127231.000  13.659            0       339
161    2279541  136677.000  5127231.000  13.642            0       339
162    4598289  141272.000  5128885.000  11.886            0       348
163    4598801  141272.000  5128886.000  12.115            0       348
164  107349295  252011.000  5188506.000  -0.900            3       369
165  107349296  252012.000  5188506.000  -0.900            3       369
166  107349686  252011.000  5188507.000  -0.900            3       369
167  107349687  252012.000  5188507.000  -0.900            3       369
168   13179818  148204.000  5134598.000  13.075            5       375
169   13179819  148205.000  5134598.000  13.011            5       375
170   13180331  148205.000  5134599.000  13.129            5       375
171   62880107  210429.000  5169004.000  10.073            2       378
172   62880619  210429.000  5169005.000  10.094            2       378
173   21503644  153190.000  5139921.000   7.664            1       380
174   21503645  153191.000  5139921.000   7.693            1       380
175   21504156  153190.000  5139922.000   7.574            1       380
176   21504157  153191.000  5139922.000   7.626            1       380
177  104748322  250935.000  5187627.000   1.384            1       382
178  104747821  250936.000  5187626.000   1.496            1       382
179  104748323  250936.000  5187627.000   1.448            1       382
180  107388306  252089.000  5188617.000  -0.121            2       385
181   85390151  234996.000  5175229.000  10.993            0       394
182   85390152  234997.000  5175229.000  11.008            0       394
183   85390546  234997.000  5175230.000  10.981            0       394
184   15869356  150314.000  5135767.000   2.991            1       402
185   15869357  150315.000  5135767.000   2.991            1       402
186   15869786  150314.000  5135768.000   2.853            1       402
187   15869787  150315.000  5135768.000   2.853            1       402
188   77647248  201227.000  5172602.000   0.855           19       403
189   77647414  201227.000  5172603.000   0.855           19       403
190   77647249  201228.000  5172602.000   0.855           19       403
191   77647415  201228.000  5172603.000   0.855           19       403
192  108490154  254837.000  5188927.000  13.954            0       416
193  108490155  254838.000  5188927.000  13.837            0       416
194    5427167  141669.000  5129319.000  13.097           94       419
195    5427353  141669.000  5129320.000  13.110           94       419
196    5427354  141670.000  5129320.000  13.085           94       419
197  178589034  284474.000  5200647.000  13.766            1       424
198  178589035  284475.000  5200647.000  13.740            1       424
199  178589408  284474.000  5200648.000  13.759            1       424
200     709868  138045.586  5126526.284   9.707            7       431
201  178074609  281580.000  5200546.000   7.201            4       444
202  178074610  281581.000  5200546.000   7.283            4       444
203  178074768  281580.000  5200547.000   7.029            4       444
204  178074769  281581.000  5200547.000   7.237            4       444
205   92476637  245501.000  5178117.000   0.140            1       448
206   92476727  245500.000  5178118.000   0.090            1       448
207   92476728  245501.000  5178118.000   0.130            1       448
208  104230213  251238.000  5187402.000  13.506           37       450
209  104229702  251239.000  5187401.000  13.528           37       450
210  104230214  251239.000  5187402.000  13.510           37       450
211  128314707  255938.000  5192919.000   4.977            0       455
212  128314783  255938.000  5192920.000   4.963            0       455
213  128314784  255939.000  5192920.000   4.955            0       455
214  134148832  257247.000  5194576.000  17.332            0       456
215  134148833  257248.000  5194576.000  17.328            0       456
216  134149344  257247.000  5194577.000  17.359            0       456
217  134149345  257248.000  5194577.000  17.307            0       456
218  104231008  251009.000  5187404.000  14.100            6       458
219  104230497  251010.000  5187403.000  14.102            6       458
220  104231009  251010.000  5187404.000  14.096            6       458
221  125484446  267975.000  5191722.000  21.834            0       460
222  125484447  267976.000  5191722.000  21.863            0       460
223   77067975  201909.000  5172257.000  11.806           12       461
224   77067976  201910.000  5172257.000  11.806           12       461
225   77068225  201910.000  5172258.000  11.806           12       461
226  104005667  250396.900  5187187.730   0.250            1       463
227   32546982  163416.371  5146125.339   4.726            2       465
228   32546983  163416.889  5146124.729   4.767            2       465
229   32546984  163417.625  5146125.141   4.549            2       465
230   32547040  163417.239  5146126.037   4.476            2       465
231  180352179  278766.060  5201002.280  10.371           16       466
232  186453879  283870.000  5202205.000   8.470           10       468
233  186454385  283870.000  5202206.000   8.459           10       468
234  186453880  283871.000  5202205.000   8.465           10       468
235  186454386  283871.000  5202206.000   8.456           10       468
236  123150885  268197.000  5190609.000  13.095            0       471
237  105387273  252995.000  5187608.000   9.836            0       481
238  105387274  252996.000  5187608.000   9.729            0       481
239  105387436  252995.000  5187609.000   9.926            0       481
240  105387437  252996.000  5187609.000   9.820            0       481
241   56890252  211707.000  5167539.000   9.341            1       484
242   56890651  211707.000  5167540.000   9.298            1       484
243   56890253  211708.000  5167539.000   9.334            1       484
244   56890652  211708.000  5167540.000   9.275            1       484
245   28403755  161204.000  5143619.000  11.359            0       518
246   28403756  161205.000  5143619.000  11.367            0       518
247   28404268  161205.000  5143620.000  11.372            0       518
248   20765459  154259.000  5139561.000  12.781            7       522
249   20765460  154260.000  5139561.000  12.796            7       522
250   20765971  154259.000  5139562.000  12.763            7       522
251   71605971  200213.000  5171508.000   5.612            1       525
252   71605972  200214.000  5171508.000   5.601            1       525
253  104231368  250857.000  5187405.000   6.058            2       529
254  104231369  250858.000  5187405.000   6.202            2       529
255  104231880  250857.000  5187406.000   6.036            2       529
256   69295038  202574.000  5170800.000   3.095            3       539
257   69295325  202574.000  5170801.000   3.086            3       539
258  153433829  278674.000  5197334.000  12.251            2       548
259  153434340  278673.000  5197335.000  12.309            2       548
260  153434341  278674.000  5197335.000  12.359            2       548
261  149998221  278062.000  5196893.000  11.050           15       554
262  149998222  278063.000  5196893.000  10.973           15       554
263   17253669  150969.000  5137308.000   9.283            0       561
264   17253670  150970.000  5137308.000   9.257            0       561
265  163273326  262842.000  5199092.000  11.031            0       566
266  163273727  262842.000  5199093.000  10.946            0       566
267  163273327  262843.000  5199092.000  11.066            0       566
268  163273728  262843.000  5199093.000  10.545            0       566
269   27327204  160572.000  5142855.000  11.931            6       569
270   27327715  160571.000  5142856.000  11.895            6       569
271   27327716  160572.000  5142856.000  11.926            6       569
272   51430943  190873.000  5163227.000  12.952            4       576
273   51430944  190874.000  5163227.000  12.630            4       576
274   95989094  246052.000  5179891.000  14.155            1       581
275   95989095  246053.000  5179891.000  14.204            1       581
276   95989317  246053.000  5179892.000  13.418            1       581
277  133898376  256862.000  5194135.000  16.823            0       594
278  133898377  256863.000  5194135.000  16.767            0       594
279  133898810  256863.000  5194136.000  16.843            0       594
280  131922655  256479.000  5193804.000  12.544            0       599
281  131922996  256479.000  5193805.000  12.387            0       599
282  131922997  256480.000  5193805.000  12.525            0       599
283  116464361  256597.000  5189579.000  12.545            2       604
284  116464362  256598.000  5189579.000  12.550            2       604
285  116464787  256597.000  5189580.000  12.418            2       604
286  116464788  256598.000  5189580.000  12.417            2       604
287  193138046  286234.070  5203532.530   9.291           14       617
288   40382929  171633.000  5152722.000  12.119            1       622
289   40382930  171634.000  5152722.000  12.059            1       622
290   40383441  171633.000  5152723.000  12.074            1       622
291   40383442  171634.000  5152723.000  12.028            1       622
292  184073874  282801.000  5201320.000  11.193           14       628
293  184073875  282802.000  5201320.000  11.417           14       628
294  184074240  282802.000  5201321.000  11.187           14       628
295  200636576  282589.000  5205767.000   7.997           40       629
296  200636577  282590.000  5205767.000   7.965           40       629
297  200637089  282590.000  5205768.000   7.929           40       629
298   70930248  221707.000  5170839.000  13.984            1       632
299   70930249  221708.000  5170839.000  13.984            1       632
300   70930359  221707.000  5170840.000  13.984            1       632
301   70930360  221708.000  5170840.000  13.984            1       632
302      94403  137573.793  5126205.801   7.830            3       633
303   30614777  162638.000  5145698.000   8.359            0       638
304   30614968  162638.000  5145699.000   8.153            0       638
305  216386714  275839.000  5209575.000   6.466            1       642
306  216387225  275838.000  5209576.000   6.341            1       642
307  216387226  275839.000  5209576.000   6.540            1       642
308  219012710  282377.893  5209991.747   3.446            1       645
309  219012721  282377.373  5209992.660   3.696            1       645
310   71296921  199287.000  5171079.000  10.652            2        85
311   71296922  199288.000  5171079.000  10.652            2        85
312   71297165  199287.000  5171080.000  10.652            2        85
313   71297166  199288.000  5171080.000  10.652            2        85
314   73355205  198997.000  5171974.000   3.009            1        86
315   73355206  198998.000  5171974.000   3.012            1        86
316   73355482  198997.000  5171975.000   2.973            1        86
317   69295248  202497.000  5170801.000   3.660            1        87
318   69295249  202498.000  5170801.000   3.667            1        87
319   69295536  202497.000  5170802.000   3.653            1        87
320   69295537  202498.000  5170802.000   3.655            1        87
